Freq.	V(n003)
5.00000000000000e+03,-2.75526718697504e-04,-8.31202095063418e-02
5.02307895139198e+03,-2.75520678106186e-04,-8.35038752904001e-02
5.04626443038342e+03,-2.75514581629358e-04,-8.38893119998311e-02
5.06955692868340e+03,-2.75508428741447e-04,-8.42765278089214e-02
5.09295694027059e+03,-2.75502218918804e-04,-8.46655309296830e-02
5.11646496140377e+03,-2.75495951639713e-04,-8.50563296120420e-02
5.14008149063237e+03,-2.75489626368955e-04,-8.54489321439967e-02
5.16380702880699e+03,-2.75483242581919e-04,-8.58433468518073e-02
5.18764207909007e+03,-2.75476799718314e-04,-8.62395821001656e-02
5.21158714696652e+03,-2.75470297242921e-04,-8.66376462923730e-02
5.23564274025450e+03,-2.75463734601233e-04,-8.70375478705229e-02
5.25980936911612e+03,-2.75457111237782e-04,-8.74392953156746e-02
5.28408754606830e+03,-2.75450426597097e-04,-8.78428971480321e-02
5.30847778599363e+03,-2.75443680100563e-04,-8.82483619271335e-02
5.33298060615129e+03,-2.75436871176317e-04,-8.86556982520251e-02
5.35759652618804e+03,-2.75429999252493e-04,-8.90649147614434e-02
5.38232606814918e+03,-2.75423063747584e-04,-8.94760201340020e-02
5.40716975648969e+03,-2.75416064069475e-04,-8.98890230883746e-02
5.43212811808533e+03,-2.75408999623156e-04,-9.03039323834791e-02
5.45720168224379e+03,-2.75401869813620e-04,-9.07207568186658e-02
5.48239098071593e+03,-2.75394674032355e-04,-9.11395052338977e-02
5.50769654770708e+03,-2.75387411676640e-04,-9.15601865099458e-02
5.53311891988834e+03,-2.75380082115782e-04,-9.19828095685730e-02
5.55865863640796e+03,-2.75372684742239e-04,-9.24073833727254e-02
5.58431623890281e+03,-2.75365218919532e-04,-9.28339169267182e-02
5.61009227150982e+03,-2.75357684027580e-04,-9.32624192764343e-02
5.63598728087756e+03,-2.75350079409655e-04,-9.36928995095078e-02
5.66200181617779e+03,-2.75342404431211e-04,-9.41253667555223e-02
5.68813642911716e+03,-2.75334658435519e-04,-9.45598301862046e-02
5.71439167394887e+03,-2.75326840770673e-04,-9.49962990156122e-02
5.74076810748442e+03,-2.75318950769338e-04,-9.54347825003416e-02
5.76726628910547e+03,-2.75310987762250e-04,-9.58752899397088e-02
5.79388678077564e+03,-2.75302951083038e-04,-9.63178306759630e-02
5.82063014705246e+03,-2.75294840041220e-04,-9.67624140944697e-02
5.84749695509936e+03,-2.75286653949211e-04,-9.72090496239216e-02
5.87448777469766e+03,-2.75278392111709e-04,-9.76577467365316e-02
5.90160317825866e+03,-2.75270053832446e-04,-9.81085149482315e-02
5.92884374083581e+03,-2.75261638401656e-04,-9.85613638188867e-02
5.95621004013688e+03,-2.75253145104750e-04,-9.90163029524861e-02
5.98370265653623e+03,-2.75244573224245e-04,-9.94733419973470e-02
6.01132217308708e+03,-2.75235922024337e-04,-9.99324906463254e-02
6.03906917553391e+03,-2.75227190788508e-04,-1.00393758637023e-01
6.06694425232490e+03,-2.75218378758772e-04,-1.00857155751982e-01
6.09494799462435e+03,-2.75209485198361e-04,-1.01322691818906e-01
6.12308099632526e+03,-2.75200509344467e-04,-1.01790376710860e-01
6.15134385406192e+03,-2.75191450438141e-04,-1.02260220346483e-01
6.17973716722257e+03,-2.75182307716576e-04,-1.02732232690200e-01
6.20826153796207e+03,-2.75173080405393e-04,-1.03206423752430e-01
6.23691757121473e+03,-2.75163767709961e-04,-1.03682803589798e-01
6.26570587470710e+03,-2.75154368850115e-04,-1.04161382305349e-01
6.29462705897085e+03,-2.75144883025437e-04,-1.04642170048771e-01
6.32368173735578e+03,-2.75135309437440e-04,-1.05125177016593e-01
6.35287052604273e+03,-2.75125647257740e-04,-1.05610413452415e-01
6.38219404405674e+03,-2.75115895688814e-04,-1.06097889647122e-01
6.41165291328013e+03,-2.75106053886849e-04,-1.06587615939100e-01
6.44124775846569e+03,-2.75096121019604e-04,-1.07079602714456e-01
6.47097920724995e+03,-2.75086096245195e-04,-1.07573860407240e-01
6.50084789016647e+03,-2.75075978719808e-04,-1.08070399499664e-01
6.53085444065923e+03,-2.75065767581309e-04,-1.08569230522329e-01
6.56099949509604e+03,-2.75055461964667e-04,-1.09070364054440e-01
6.59128369278206e+03,-2.75045060996177e-04,-1.09573810724039e-01
6.62170767597335e+03,-2.75034563783805e-04,-1.10079581208224e-01
6.65227208989048e+03,-2.75023969450952e-04,-1.10587686233379e-01
6.68297758273224e+03,-2.75013277090157e-04,-1.11098136575406e-01
6.71382480568934e+03,-2.75002485791066e-04,-1.11610943059938e-01
6.74481441295829e+03,-2.74991594649113e-04,-1.12126116562587e-01
6.77594706175521e+03,-2.74980602737548e-04,-1.12643668009167e-01
6.80722341232978e+03,-2.74969509119981e-04,-1.13163608375918e-01
6.83864412797927e+03,-2.74958312866772e-04,-1.13685948689755e-01
6.87020987506260e+03,-2.74947013013562e-04,-1.14210700028487e-01
6.90192132301445e+03,-2.74935608605638e-04,-1.14737873521058e-01
6.93377914435947e+03,-2.74924098674785e-04,-1.15267480347788e-01
6.96578401472655e+03,-2.74912482247001e-04,-1.15799531740602e-01
6.99793661286312e+03,-2.74900758346357e-04,-1.16334038983271e-01
7.03023762064960e+03,-2.74888925961241e-04,-1.16871013411652e-01
7.06268772311380e+03,-2.74876984095473e-04,-1.17410466413931e-01
7.09528760844549e+03,-2.74864931740334e-04,-1.17952409430859e-01
7.12803796801097e+03,-2.74852767867819e-04,-1.18496853955999e-01
7.16093949636775e+03,-2.74840491455709e-04,-1.19043811535966e-01
7.19399289127926e+03,-2.74828101445139e-04,-1.19593293770678e-01
7.22719885372967e+03,-2.74815596801354e-04,-1.20145312313594e-01
7.26055808793875e+03,-2.74802976449096e-04,-1.20699878871970e-01
7.29407130137678e+03,-2.74790239336250e-04,-1.21257005207102e-01
7.32773920477959e+03,-2.74777384366341e-04,-1.21816703134570e-01
7.36156251216363e+03,-2.74764410459290e-04,-1.22378984524505e-01
7.39554194084107e+03,-2.74751316507049e-04,-1.22943861301824e-01
7.42967821143507e+03,-2.74738101404465e-04,-1.23511345446491e-01
7.46397204789502e+03,-2.74724764030954e-04,-1.24081448993768e-01
7.49842417751191e+03,-2.74711303253396e-04,-1.24654184034479e-01
7.53303533093375e+03,-2.74697717919385e-04,-1.25229562715248e-01
7.56780624218108e+03,-2.74684006895800e-04,-1.25807597238784e-01
7.60273764866252e+03,-2.74670169005161e-04,-1.26388299864104e-01
7.63783029119040e+03,-2.74656203087345e-04,-1.26971682906835e-01
7.67308491399651e+03,-2.74642107935942e-04,-1.27557758739435e-01
7.70850226474784e+03,-2.74627882385043e-04,-1.28146539791485e-01
7.74408309456245e+03,-2.74613525197377e-04,-1.28738038549935e-01
7.77982815802542e+03,-2.74599035182929e-04,-1.29332267559380e-01
7.81573821320481e+03,-2.74584411089960e-04,-1.29929239422319e-01
7.85181402166781e+03,-2.74569651692775e-04,-1.30528966799425e-01
7.88805634849679e+03,-2.74554755730956e-04,-1.31131462409812e-01
7.92446596230561e+03,-2.74539721946983e-04,-1.31736739031309e-01
7.96104363525590e+03,-2.74524549057295e-04,-1.32344809500725e-01
7.99779014307339e+03,-2.74509235786048e-04,-1.32955686714130e-01
8.03470626506443e+03,-2.74493780830395e-04,-1.33569383627116e-01
8.07179278413248e+03,-2.74478182872059e-04,-1.34185913255081e-01
8.10905048679470e+03,-2.74462440596621e-04,-1.34805288673507e-01
8.14648016319866e+03,-2.74446552669410e-04,-1.35427523018229e-01
8.18408260713909e+03,-2.74430517735506e-04,-1.36052629485716e-01
8.22185861607471e+03,-2.74414334437091e-04,-1.36680621333361e-01
8.25980899114513e+03,-2.74398001411530e-04,-1.37311511879748e-01
8.29793453718786e+03,-2.74381517255682e-04,-1.37945314504940e-01
8.33623606275537e+03,-2.74364880590517e-04,-1.38582042650766e-01
8.37471438013224e+03,-2.74348089987820e-04,-1.39221709821101e-01
8.41337030535239e+03,-2.74331144040596e-04,-1.39864329582158e-01
8.45220465821638e+03,-2.74314041286878e-04,-1.40509915562774e-01
8.49121826230878e+03,-2.74296780296525e-04,-1.41158481454693e-01
8.53041194501568e+03,-2.74279359608534e-04,-1.41810041012868e-01
8.56978653754219e+03,-2.74261777726224e-04,-1.42464608055737e-01
8.60934287493009e+03,-2.74244033177986e-04,-1.43122196465533e-01
8.64908179607557e+03,-2.74226124445920e-04,-1.43782820188565e-01
8.68900414374694e+03,-2.74208050009236e-04,-1.44446493235531e-01
8.72911076460258e+03,-2.74189808347142e-04,-1.45113229681788e-01
8.76940250920887e+03,-2.74171397908951e-04,-1.45783043667679e-01
8.80988023205821e+03,-2.74152817118905e-04,-1.46455949398814e-01
8.85054479158717e+03,-2.74134064415709e-04,-1.47131961146377e-01
8.89139705019468e+03,-2.74115138210101e-04,-1.47811093247438e-01
8.93243787426032e+03,-2.74096036884855e-04,-1.48493360105236e-01
8.97366813416270e+03,-2.74076758834316e-04,-1.49178776189509e-01
9.01508870429791e+03,-2.74057302411363e-04,-1.49867356036781e-01
9.05670046309808e+03,-2.74037665965979e-04,-1.50559114250683e-01
9.09850429304999e+03,-2.74017847843328e-04,-1.51254065502258e-01
9.14050108071378e+03,-2.73997846348070e-04,-1.51952224530269e-01
9.18269171674180e+03,-2.73977659801259e-04,-1.52653606141520e-01
9.22507709589744e+03,-2.73957286474768e-04,-1.53358225211162e-01
9.26765811707413e+03,-2.73936724651075e-04,-1.54066096683013e-01
9.31043568331441e+03,-2.73915972580838e-04,-1.54777235569876e-01
9.35341070182908e+03,-2.73895028507962e-04,-1.55491656953849e-01
9.39658408401642e+03,-2.73873890650314e-04,-1.56209375986661e-01
9.43995674548154e+03,-2.73852557217085e-04,-1.56930407889972e-01
9.48352960605581e+03,-2.73831026402032e-04,-1.57654767955722e-01
9.52730358981631e+03,-2.73809296377700e-04,-1.58382471546430e-01
9.57127962510551e+03,-2.73787365298309e-04,-1.59113534095534e-01
9.61545864455087e+03,-2.73765231303614e-04,-1.59847971107716e-01
9.65984158508470e+03,-2.73742892520833e-04,-1.60585798159230e-01
9.70442938796397e+03,-2.73720347058862e-04,-1.61327030898237e-01
9.74922299879031e+03,-2.73697592993810e-04,-1.62071685045126e-01
9.79422336753003e+03,-2.73674628400820e-04,-1.62819776392854e-01
9.83943144853431e+03,-2.73651451328996e-04,-1.63571320807294e-01
9.88484820055939e+03,-2.73628059828410e-04,-1.64326334227544e-01
9.93047458678694e+03,-2.73604451887413e-04,-1.65084832666285e-01
9.97631157484449e+03,-2.73580625531965e-04,-1.65846832210119e-01
1.00223601368259e+04,-2.73556578723417e-04,-1.66612349019904e-01
1.00686212493120e+04,-2.73532309426975e-04,-1.67381399331104e-01
1.01150958933914e+04,-2.73507815582773e-04,-1.68153999454121e-01
1.01617850546812e+04,-2.73483095123228e-04,-1.68930165774660e-01
1.02086897233477e+04,-2.73458145940258e-04,-1.69709914754055e-01
1.02558108941279e+04,-2.73432965914205e-04,-1.70493262929640e-01
1.03031495663501e+04,-2.73407552928307e-04,-1.71280226915086e-01
1.03507067439553e+04,-2.73381904806973e-04,-1.72070823400747e-01
1.03984834355186e+04,-2.73356019384259e-04,-1.72865069154038e-01
1.04464806542703e+04,-2.73329894469145e-04,-1.73662981019771e-01
1.04946994181177e+04,-2.73303527845539e-04,-1.74464575920515e-01
1.05431407496665e+04,-2.73276917257811e-04,-1.75269870856957e-01
1.05918056762426e+04,-2.73250060479261e-04,-1.76078882908275e-01
1.06406952299137e+04,-2.73222955211827e-04,-1.76891629232473e-01
1.06898104475113e+04,-2.73195599156481e-04,-1.77708127066772e-01
1.07391523706528e+04,-2.73167989997803e-04,-1.78528393727957e-01
1.07887220457634e+04,-2.73140125399157e-04,-1.79352446612765e-01
1.08385205240986e+04,-2.73112002988224e-04,-1.80180303198222e-01
1.08885488617659e+04,-2.73083620393652e-04,-1.81011981042050e-01
1.09388081197479e+04,-2.73054975193941e-04,-1.81847497783017e-01
1.09892993639242e+04,-2.73026064964697e-04,-1.82686871141312e-01
1.10400236650946e+04,-2.72996887248741e-04,-1.83530118918931e-01
1.10909820990012e+04,-2.72967439583104e-04,-1.84377259000048e-01
1.11421757463516e+04,-2.72937719464317e-04,-1.85228309351396e-01
1.11936056928418e+04,-2.72907724371552e-04,-1.86083288022646e-01
1.12452730291790e+04,-2.72877451756978e-04,-1.86942213146796e-01
1.12971788511050e+04,-2.72846899052512e-04,-1.87805102940550e-01
1.13493242594192e+04,-2.72816063681395e-04,-1.88671975704703e-01
1.14017103600022e+04,-2.72784943015755e-04,-1.89542849824541e-01
1.14543382638390e+04,-2.72753534418075e-04,-1.90417743770210e-01
1.15072090870427e+04,-2.72721835230590e-04,-1.91296676097135e-01
1.15603239508781e+04,-2.72689842759851e-04,-1.92179665446388e-01
1.16136839817857e+04,-2.72657554292159e-04,-1.93066730545097e-01
1.16672903114051e+04,-2.72624967089705e-04,-1.93957890206849e-01
1.17211440765997e+04,-2.72592078379964e-04,-1.94853163332069e-01
1.17752464194802e+04,-2.72558885399091e-04,-1.95752568908444e-01
1.18295984874289e+04,-2.72525385301270e-04,-1.96656126011311e-01
1.18842014331245e+04,-2.72491575271543e-04,-1.97563853804061e-01
1.19390564145660e+04,-2.72457452430342e-04,-1.98475771538566e-01
1.19941645950976e+04,-2.72423013876883e-04,-1.99391898555550e-01
1.20495271434331e+04,-2.72388256704596e-04,-2.00312254285041e-01
1.21051452336810e+04,-2.72353177954835e-04,-2.01236858246755e-01
1.21610200453692e+04,-2.72317774662204e-04,-2.02165730050515e-01
1.22171527634700e+04,-2.72282043814053e-04,-2.03098889396682e-01
1.22735445784253e+04,-2.72245982386160e-04,-2.04036356076555e-01
1.23301966861718e+04,-2.72209587322482e-04,-2.04978149972796e-01
1.23871102881666e+04,-2.72172855538040e-04,-2.05924291059863e-01
1.24442865914121e+04,-2.72135783912179e-04,-2.06874799404414e-01
1.25017268084823e+04,-2.72098369296274e-04,-2.07829695165751e-01
1.25594321575480e+04,-2.72060608524344e-04,-2.08788998596238e-01
1.26174038624030e+04,-2.72022498397619e-04,-2.09752730041734e-01
1.26756431524897e+04,-2.71984035684541e-04,-2.10720909942023e-01
1.27341512629254e+04,-2.71945217112085e-04,-2.11693558831244e-01
1.27929294345284e+04,-2.71906039393725e-04,-2.12670697338340e-01
1.28519789138445e+04,-2.71866499211110e-04,-2.13652346187488e-01
1.29113009531731e+04,-2.71826593209247e-04,-2.14638526198524e-01
1.29708968105942e+04,-2.71786318004208e-04,-2.15629258287415e-01
1.30307677499946e+04,-2.71745670176386e-04,-2.16624563466674e-01
1.30909150410951e+04,-2.71704646276280e-04,-2.17624462845826e-01
1.31513399594771e+04,-2.71663242844745e-04,-2.18628977631844e-01
1.32120437866099e+04,-2.71621456347414e-04,-2.19638129129607e-01
1.32730278098779e+04,-2.71579283250887e-04,-2.20651938742349e-01
1.33342933226076e+04,-2.71536719978368e-04,-2.21670427972110e-01
1.33958416240953e+04,-2.71493762912556e-04,-2.22693618420193e-01
1.34576740196347e+04,-2.71450408430367e-04,-2.23721531787629e-01
1.35197918205444e+04,-2.71406652834458e-04,-2.24754189875628e-01
1.35821963441956e+04,-2.71362492431347e-04,-2.25791614586059e-01
1.36448889140404e+04,-2.71317923458116e-04,-2.26833827921880e-01
1.37078708596396e+04,-2.71272942147991e-04,-2.27880851987649e-01
1.37711435166910e+04,-2.71227544685015e-04,-2.28932708989963e-01
1.38347082270577e+04,-2.71181727223337e-04,-2.29989421237937e-01
1.38985663387966e+04,-2.71135485875638e-04,-2.31051011143679e-01
1.39627192061869e+04,-2.71088816702524e-04,-2.32117501222760e-01
1.40271681897587e+04,-2.71041715773281e-04,-2.33188914094709e-01
1.40919146563224e+04,-2.70994179075224e-04,-2.34265272483469e-01
1.41569599789971e+04,-2.70946202590846e-04,-2.35346599217894e-01
1.42223055372398e+04,-2.70897782235137e-04,-2.36432917232235e-01
1.42879527168749e+04,-2.70848913918263e-04,-2.37524249566618e-01
1.43539029101236e+04,-2.70799593493495e-04,-2.38620619367539e-01
1.44201575156332e+04,-2.70749816766849e-04,-2.39722049888354e-01
1.44867179385068e+04,-2.70699579532770e-04,-2.40828564489768e-01
1.45535855903332e+04,-2.70648877531699e-04,-2.41940186640336e-01
1.46207618892169e+04,-2.70597706445252e-04,-2.43056939916963e-01
1.46882482598078e+04,-2.70546061958900e-04,-2.44178848005400e-01
1.47560461333321e+04,-2.70493939672290e-04,-2.45305934700756e-01
1.48241569476219e+04,-2.70441335179279e-04,-2.46438223907969e-01
1.48925821471461e+04,-2.70388244011046e-04,-2.47575739642374e-01
1.49613231830411e+04,-2.70334661677549e-04,-2.48718506030152e-01
1.50303815131414e+04,-2.70280583614495e-04,-2.49866547308875e-01
1.50997586020103e+04,-2.70226005257588e-04,-2.51019887828026e-01
1.51694559209716e+04,-2.70170921970208e-04,-2.52178552049490e-01
1.52394749481401e+04,-2.70115329087766e-04,-2.53342564548088e-01
1.53098171684536e+04,-2.70059221880100e-04,-2.54511950012095e-01
1.53804840737038e+04,-2.70002595611260e-04,-2.55686733243785e-01
1.54514771625682e+04,-2.69945445463326e-04,-2.56866939159911e-01
1.55227979406420e+04,-2.69887766603914e-04,-2.58052592792282e-01
1.55944479204699e+04,-2.69829554126383e-04,-2.59243719288266e-01
1.56664286215781e+04,-2.69770803102878e-04,-2.60440343911335e-01
1.57387415705068e+04,-2.69711508560219e-04,-2.61642492041592e-01
1.58113883008421e+04,-2.69651665459650e-04,-2.62850189176320e-01
1.58843703532491e+04,-2.69591268724803e-04,-2.64063460930524e-01
1.59576892755040e+04,-2.69530313253277e-04,-2.65282333037463e-01
1.60313466225276e+04,-2.69468793857804e-04,-2.66506831349200e-01
1.61053439564174e+04,-2.69406705330866e-04,-2.67736981837159e-01
1.61796828464816e+04,-2.69344042408050e-04,-2.68972810592680e-01
1.62543648692720e+04,-2.69280799770935e-04,-2.70214343827542e-01
1.63293916086170e+04,-2.69216972060602e-04,-2.71461607874561e-01
1.64047646556562e+04,-2.69152553869912e-04,-2.72714629188116e-01
1.64804856088731e+04,-2.69087539723256e-04,-2.73973434344738e-01
1.65565560741298e+04,-2.69021924127668e-04,-2.75238050043645e-01
1.66329776647005e+04,-2.68955701508213e-04,-2.76508503107335e-01
1.67097520013060e+04,-2.68888866251381e-04,-2.77784820482134e-01
1.67868807121480e+04,-2.68821412695443e-04,-2.79067029238793e-01
1.68643654329437e+04,-2.68753335110204e-04,-2.80355156573030e-01
1.69422078069604e+04,-2.68684627737500e-04,-2.81649229806148e-01
1.70204094850503e+04,-2.68615284754557e-04,-2.82949276385562e-01
1.70989721256857e+04,-2.68545300262417e-04,-2.84255323885446e-01
1.71778973949940e+04,-2.68474668337048e-04,-2.85567400007257e-01
1.72571869667931e+04,-2.68403383000416e-04,-2.86885532580368e-01
1.73368425226268e+04,-2.68331438194444e-04,-2.88209749562628e-01
1.74168657518009e+04,-2.68258827830197e-04,-2.89540079040981e-01
1.74972583514181e+04,-2.68185545750272e-04,-2.90876549232049e-01
1.75780220264152e+04,-2.68111585731686e-04,-2.92219188482719e-01
1.76591584895981e+04,-2.68036941515781e-04,-2.93568025270780e-01
1.77406694616791e+04,-2.67961606778318e-04,-2.94923088205486e-01
1.78225566713125e+04,-2.67885575115983e-04,-2.96284406028185e-01
1.79048218551321e+04,-2.67808840092676e-04,-2.97652007612950e-01
1.79874667577874e+04,-2.67731395202861e-04,-2.99025921967146e-01
1.80704931319810e+04,-2.67653233883141e-04,-3.00406178232069e-01
1.81539027385054e+04,-2.67574349506475e-04,-3.01792805683584e-01
1.82376973462807e+04,-2.67494735376385e-04,-3.03185833732710e-01
1.83218787323920e+04,-2.67414384749142e-04,-3.04585291926274e-01
1.84064486821269e+04,-2.67333290827013e-04,-3.05991209947526e-01
1.84914089890136e+04,-2.67251446715829e-04,-3.07403617616757e-01
1.85767614548589e+04,-2.67168845485741e-04,-3.08822544891962e-01
1.86625078897863e+04,-2.67085480132646e-04,-3.10248021869446e-01
1.87486501122745e+04,-2.67001343589756e-04,-3.11680078784491e-01
1.88351899491958e+04,-2.66916428722780e-04,-3.13118746011961e-01
1.89221292358550e+04,-2.66830728347280e-04,-3.14564054066996e-01
1.90094698160284e+04,-2.66744235175633e-04,-3.16016033605617e-01
1.90972135420026e+04,-2.66656941889358e-04,-3.17474715425394e-01
1.91853622746143e+04,-2.66568841098609e-04,-3.18940130466109e-01
1.92739178832889e+04,-2.66479925311322e-04,-3.20412309810395e-01
1.93628822460812e+04,-2.66390187000714e-04,-3.21891284684401e-01
1.94522572497144e+04,-2.66299618568644e-04,-3.23377086458471e-01
1.95420447896204e+04,-2.66208212327281e-04,-3.24869746647790e-01
1.96322467699803e+04,-2.66115960527080e-04,-3.26369296913066e-01
1.97228651037643e+04,-2.66022855362562e-04,-3.27875769061187e-01
1.98139017127723e+04,-2.65928888926991e-04,-3.29389195045928e-01
1.99053585276752e+04,-2.65834053257700e-04,-3.30909606968577e-01
1.99972374880552e+04,-2.65738340328375e-04,-3.32437037078689e-01
2.00895405424474e+04,-2.65641742011443e-04,-3.33971517774685e-01
2.01822696483806e+04,-2.65544250124366e-04,-3.35513081604626e-01
2.02754267724196e+04,-2.65445856397813e-04,-3.37061761266839e-01
2.03690138902060e+04,-2.65346552505556e-04,-3.38617589610647e-01
2.04630329865009e+04,-2.65246330024935e-04,-3.40180599637056e-01
2.05574860552265e+04,-2.65145180453246e-04,-3.41750824499443e-01
2.06523750995084e+04,-2.65043095219316e-04,-3.43328297504295e-01
2.07477021317185e+04,-2.64940065677721e-04,-3.44913052111873e-01
2.08434691735172e+04,-2.64836083090455e-04,-3.46505121936963e-01
2.09396782558963e+04,-2.64731138653939e-04,-3.48104540749558e-01
2.10363314192226e+04,-2.64625223461408e-04,-3.49711342475589e-01
2.11334307132805e+04,-2.64518328530879e-04,-3.51325561197660e-01
2.12309781973160e+04,-2.64410444820577e-04,-3.52947231155736e-01
2.13289759400800e+04,-2.64301563176866e-04,-3.54576386747910e-01
2.14274260198724e+04,-2.64191674370886e-04,-3.56213062531103e-01
2.15263305245859e+04,-2.64080769084099e-04,-3.57857293221821e-01
2.16256915517508e+04,-2.63968837936243e-04,-3.59509113696870e-01
2.17255112085790e+04,-2.63855871420730e-04,-3.61168558994115e-01
2.18257916120087e+04,-2.63741859979860e-04,-3.62835664313226e-01
2.19265348887497e+04,-2.63626793929604e-04,-3.64510465016395e-01
2.20277431753281e+04,-2.63510663540610e-04,-3.66192996629139e-01
2.21294186181318e+04,-2.63393458955265e-04,-3.67883294841006e-01
2.22315633734559e+04,-2.63275170258097e-04,-3.69581395506362e-01
2.23341796075486e+04,-2.63155787400554e-04,-3.71287334645135e-01
2.24372694966570e+04,-2.63035300285867e-04,-3.73001148443604e-01
2.25408352270734e+04,-2.62913698691902e-04,-3.74722873255145e-01
2.26448789951815e+04,-2.62790972314554e-04,-3.76452545600996e-01
2.27494030075029e+04,-2.62667110767749e-04,-3.78190202171081e-01
2.28544094807442e+04,-2.62542103534265e-04,-3.79935879824732e-01
2.29599006418439e+04,-2.62415940034193e-04,-3.81689615591501e-01
2.30658787280194e+04,-2.62288609571905e-04,-3.83451446671954e-01
2.31723459868149e+04,-2.62160101353409e-04,-3.85221410438429e-01
2.32793046761484e+04,-2.62030404499852e-04,-3.86999544435883e-01
2.33867570643604e+04,-2.61899508009906e-04,-3.88785886382633e-01
2.34947054302612e+04,-2.61767400796420e-04,-3.90580474171190e-01
2.36031520631800e+04,-2.61634071666162e-04,-3.92383345869053e-01
2.37120992630127e+04,-2.61499509321753e-04,-3.94194539719537e-01
2.38215493402713e+04,-2.61363702357805e-04,-3.96014094142548e-01
2.39315046161324e+04,-2.61226639262854e-04,-3.97842047735443e-01
2.40419674224869e+04,-2.61088308426108e-04,-3.99678439273815e-01
2.41529401019891e+04,-2.60948698140339e-04,-4.01523307712351e-01
2.42644250081065e+04,-2.60807796559455e-04,-4.03376692185616e-01
2.43764245051698e+04,-2.60665591742859e-04,-4.05238632008917e-01
2.44889409684228e+04,-2.60522071655446e-04,-4.07109166679136e-01
2.46019767840731e+04,-2.60377224124211e-04,-4.08988335875567e-01
2.47155343493423e+04,-2.60231036886465e-04,-4.10876179460747e-01
2.48296160725173e+04,-2.60083497553190e-04,-4.12772737481320e-01
2.49442243730011e+04,-2.59934593618682e-04,-4.14678050168874e-01
2.50593616813641e+04,-2.59784312479838e-04,-4.16592157940816e-01
2.51750304393958e+04,-2.59632641379260e-04,-4.18515101401195e-01
2.52912331001562e+04,-2.59479567490119e-04,-4.20446921341612e-01
2.54079721280286e+04,-2.59325077839004e-04,-4.22387658742053e-01
2.55252499987709e+04,-2.59169159328104e-04,-4.24337354771774e-01
2.56430691995688e+04,-2.59011798758352e-04,-4.26296050790174e-01
2.57614322290884e+04,-2.58852982792780e-04,-4.28263788347660e-01
2.58803415975289e+04,-2.58692697980629e-04,-4.30240609186551e-01
2.59997998266764e+04,-2.58530930746737e-04,-4.32226555241980e-01
2.61198094499565e+04,-2.58367667372257e-04,-4.34221668642715e-01
2.62403730124892e+04,-2.58202894029370e-04,-4.36225991712149e-01
2.63614930711417e+04,-2.58036596773574e-04,-4.38239566969123e-01
2.64831721945835e+04,-2.57868761512819e-04,-4.40262437128884e-01
2.66054129633403e+04,-2.57699374014265e-04,-4.42294645103956e-01
2.67282179698492e+04,-2.57528419950563e-04,-4.44336234005065e-01
2.68515898185132e+04,-2.57355884823677e-04,-4.46387247142061e-01
2.69755311257570e+04,-2.57181754027566e-04,-4.48447728024833e-01
2.71000445200818e+04,-2.57006012809607e-04,-4.50517720364240e-01
2.72251326421217e+04,-2.56828646277349e-04,-4.52597268073041e-01
2.73507981446992e+04,-2.56649639411047e-04,-4.54686415266805e-01
2.74770436928818e+04,-2.56468977060770e-04,-4.56785206264892e-01
2.76038719640385e+04,-2.56286643907829e-04,-4.58893685591347e-01
2.77312856478961e+04,-2.56102624508169e-04,-4.61011897975898e-01
2.78592874465971e+04,-2.55916903282727e-04,-4.63139888354864e-01
2.79878800747561e+04,-2.55729464505861e-04,-4.65277701872129e-01
2.81170662595181e+04,-2.55540292287993e-04,-4.67425383880108e-01
2.82468487406158e+04,-2.55349370616107e-04,-4.69582979940699e-01
2.83772302704280e+04,-2.55156683319999e-04,-4.71750535826252e-01
2.85082136140380e+04,-2.54962214072281e-04,-4.73928097520557e-01
2.86398015492921e+04,-2.54765946409590e-04,-4.76115711219822e-01
2.87719968668585e+04,-2.54567863706555e-04,-4.78313423333615e-01
2.89048023702866e+04,-2.54367949197013e-04,-4.80521280485923e-01
2.90382208760663e+04,-2.54166185936396e-04,-4.82739329516077e-01
2.91722552136879e+04,-2.53962556842237e-04,-4.84967617479773e-01
2.93069082257021e+04,-2.53757044682595e-04,-4.87206191650089e-01
2.94421827677801e+04,-2.53549632037486e-04,-4.89455099518475e-01
2.95780817087744e+04,-2.53340301342272e-04,-4.91714388795754e-01
2.97146079307793e+04,-2.53129034880915e-04,-4.93984107413164e-01
2.98517643291925e+04,-2.52915814761869e-04,-4.96264303523350e-01
2.99895538127762e+04,-2.52700622917112e-04,-4.98555025501401e-01
3.01279793037186e+04,-2.52483441137830e-04,-5.00856321945885e-01
3.02670437376964e+04,-2.52264251036807e-04,-5.03168241679875e-01
3.04067500639366e+04,-2.52043034041674e-04,-5.05490833751980e-01
3.05471012452793e+04,-2.51819771419980e-04,-5.07824147437417e-01
3.06881002582404e+04,-2.51594444284019e-04,-5.10168232239018e-01
3.08297500930748e+04,-2.51367033539716e-04,-5.12523137888328e-01
3.09720537538398e+04,-2.51137519935807e-04,-5.14888914346629e-01
3.11150142584587e+04,-2.50905884043593e-04,-5.17265611806007e-01
3.12586346387850e+04,-2.50672106250186e-04,-5.19653280690465e-01
3.14029179406666e+04,-2.50436166760438e-04,-5.22051971656910e-01
3.15478672240104e+04,-2.50198045609478e-04,-5.24461735596326e-01
3.16934855628471e+04,-2.49957722618353e-04,-5.26882623634771e-01
3.18397760453966e+04,-2.49715177452853e-04,-5.29314687134561e-01
3.19867417741332e+04,-2.49470389579149e-04,-5.31757977695248e-01
3.21343858658518e+04,-2.49223338271509e-04,-5.34212547154828e-01
3.22827114517336e+04,-2.48974002619051e-04,-5.36678447590762e-01
3.24317216774127e+04,-2.48722361522847e-04,-5.39155731321142e-01
3.25814197030429e+04,-2.48468393654457e-04,-5.41644450905769e-01
3.27318087033645e+04,-2.48212077535004e-04,-5.44144659147278e-01
3.28828918677718e+04,-2.47953391472497e-04,-5.46656409092297e-01
3.30346724003806e+04,-2.47692313557001e-04,-5.49179754032514e-01
3.31871535200963e+04,-2.47428821693432e-04,-5.51714747505867e-01
3.33403384606819e+04,-2.47162893582266e-04,-5.54261443297645e-01
3.34942304708272e+04,-2.46894506708935e-04,-5.56819895441668e-01
3.36488328142167e+04,-2.46623638361181e-04,-5.59390158221415e-01
3.38041487695999e+04,-2.46350265614593e-04,-5.61972286171173e-01
3.39601816308601e+04,-2.46074365326822e-04,-5.64566334077234e-01
3.41169347070843e+04,-2.45795914154936e-04,-5.67172356979015e-01
3.42744113226339e+04,-2.45514888525531e-04,-5.69790410170267e-01
3.44326148172147e+04,-2.45231264654012e-04,-5.72420549200226e-01
3.45915485459477e+04,-2.44945018543632e-04,-5.75062829874833e-01
3.47512158794407e+04,-2.44656125966205e-04,-5.77717308257874e-01
3.49116202038595e+04,-2.44364562475605e-04,-5.80384040672215e-01
3.50727649209995e+04,-2.44070303390412e-04,-5.83063083700973e-01
3.52346534483583e+04,-2.43773323820907e-04,-5.85754494188747e-01
3.53972892192078e+04,-2.43473598638222e-04,-5.88458329242812e-01
3.55606756826674e+04,-2.43171102472403e-04,-5.91174646234326e-01
3.57248163037766e+04,-2.42865809729773e-04,-5.93903502799597e-01
3.58897145635690e+04,-2.42557694579429e-04,-5.96644956841244e-01
3.60553739591459e+04,-2.42246730945531e-04,-5.99399066529492e-01
3.62217980037504e+04,-2.41932892526585e-04,-6.02165890303380e-01
3.63889902268421e+04,-2.41616152768441e-04,-6.04945486871993e-01
3.65569541741718e+04,-2.41296484865263e-04,-6.07737915215776e-01
3.67256934078567e+04,-2.40973861772059e-04,-6.10543234587700e-01
3.68952115064560e+04,-2.40648256208544e-04,-6.13361504514613e-01
3.70655120650468e+04,-2.40319640608989e-04,-6.16192784798420e-01
3.72365986953004e+04,-2.39987987191659e-04,-6.19037135517459e-01
3.74084750255587e+04,-2.39653267891305e-04,-6.21894617027699e-01
3.75811447009113e+04,-2.39315454386167e-04,-6.24765289964047e-01
3.77546113832727e+04,-2.38974518117263e-04,-6.27649215241660e-01
3.79288787514602e+04,-2.38630430222811e-04,-6.30546454057242e-01
3.81039505012716e+04,-2.38283161618271e-04,-6.33457067890324e-01
3.82798303455638e+04,-2.37932682921126e-04,-6.36381118504609e-01
3.84565220143315e+04,-2.37578964486564e-04,-6.39318667949234e-01
3.86340292547861e+04,-2.37221976399761e-04,-6.42269778560168e-01
3.88123558314356e+04,-2.36861688471061e-04,-6.45234512961475e-01
3.89915055261640e+04,-2.36498070223440e-04,-6.48212934066694e-01
3.91714821383117e+04,-2.36131090904076e-04,-6.51205105080156e-01
3.93522894847560e+04,-2.35760719481461e-04,-6.54211089498323e-01
3.95339313999923e+04,-2.35386924629001e-04,-6.57230951111178e-01
3.97164117362152e+04,-2.35009674750094e-04,-6.60264754003569e-01
3.98997343633999e+04,-2.34628937922195e-04,-6.63312562556541e-01
4.00839031693850e+04,-2.34244681967217e-04,-6.66374441448772e-01
4.02689220599544e+04,-2.33856874391738e-04,-6.69450455657923e-01
4.04547949589202e+04,-2.33465482392789e-04,-6.72540670461987e-01
4.06415258082061e+04,-2.33070472887748e-04,-6.75645151440755e-01
4.08291185679307e+04,-2.32671812476733e-04,-6.78763964477148e-01
4.10175772164920e+04,-2.32269467448385e-04,-6.81897175758672e-01
4.12069057506512e+04,-2.31863403801086e-04,-6.85044851778797e-01
4.13971081856178e+04,-2.31453587182206e-04,-6.88207059338392e-01
4.15881885551347e+04,-2.31039982962354e-04,-6.91383865547161e-01
4.17801509115635e+04,-2.30622556175594e-04,-6.94575337825029e-01
4.19729993259710e+04,-2.30201271539694e-04,-6.97781543903661e-01
4.21667378882149e+04,-2.29776093430086e-04,-7.01002551827806e-01
4.23613707070310e+04,-2.29346985914588e-04,-7.04238429956832e-01
4.25569019101200e+04,-2.28913912715792e-04,-7.07489246966153e-01
4.27533356442354e+04,-2.28476837239029e-04,-7.10755071848711e-01
4.29506760752710e+04,-2.28035722541512e-04,-7.14035973916403e-01
4.31489273883497e+04,-2.27590531333301e-04,-7.17332022801643e-01
4.33480937879120e+04,-2.27141225995625e-04,-7.20643288458744e-01
4.35481794978052e+04,-2.26687768551951e-04,-7.23969841165486e-01
4.37491887613730e+04,-2.26230120682451e-04,-7.27311751524638e-01
4.39511258415455e+04,-2.25768243717250e-04,-7.30669090465376e-01
4.41539950209294e+04,-2.25302098636429e-04,-7.34041929244868e-01
4.43578006018993e+04,-2.24831646024698e-04,-7.37430339449760e-01
4.45625469066885e+04,-2.24356846157225e-04,-7.40834392997740e-01
4.47682382774810e+04,-2.23877658894523e-04,-7.44254162139053e-01
4.49748790765030e+04,-2.23394043763452e-04,-7.47689719458034e-01
4.51824736861164e+04,-2.22905959906114e-04,-7.51141137874672e-01
4.53910265089106e+04,-2.22413366072133e-04,-7.54608490646178e-01
4.56005419677968e+04,-2.21916220670734e-04,-7.58091851368527e-01
4.58110245061013e+04,-2.21414481683953e-04,-7.61591293978052e-01
4.60224785876599e+04,-2.20908106736066e-04,-7.65106892752990e-01
4.62349086969124e+04,-2.20397053053088e-04,-7.68638722315126e-01
4.64483193389981e+04,-2.19881277474349e-04,-7.72186857631349e-01
4.66627150398509e+04,-2.19360736415845e-04,-7.75751374015226e-01
4.68781003462954e+04,-2.18835385930994e-04,-7.79332347128698e-01
4.70944798261434e+04,-2.18305181646025e-04,-7.82929852983610e-01
4.73118580682910e+04,-2.17770078778301e-04,-7.86543967943379e-01
4.75302396828155e+04,-2.17230032142106e-04,-7.90174768724631e-01
4.77496293010732e+04,-2.16684996129355e-04,-7.93822332398814e-01
4.79700315757980e+04,-2.16134924722137e-04,-7.97486736393861e-01
4.81914511811999e+04,-2.15579771455101e-04,-8.01168058495872e-01
4.84138928130639e+04,-2.15019489479103e-04,-8.04866376850739e-01
4.86373611888497e+04,-2.14454031478277e-04,-8.08581769965792e-01
4.88618610477920e+04,-2.13883349699925e-04,-8.12314316711583e-01
4.90873971510007e+04,-2.13307395979596e-04,-8.16064096323463e-01
4.93139742815620e+04,-2.12726121679362e-04,-8.19831188403327e-01
4.95415972446398e+04,-2.12139477748577e-04,-8.23615672921328e-01
4.97702708675778e+04,-2.11547414652513e-04,-8.27417630217529e-01
5.00000000000015e+04,-2.10949882423474e-04,-8.31237141003738e-01
5.02307895139213e+04,-2.10346830613538e-04,-8.35074286365067e-01
5.04626443038357e+04,-2.09738208343745e-04,-8.38929147761843e-01
5.06955692868355e+04,-2.09123964228877e-04,-8.42801807031239e-01
5.09295694027074e+04,-2.08504046443994e-04,-8.46692346389036e-01
5.11646496140392e+04,-2.07878402666580e-04,-8.50600848431438e-01
5.14008149063252e+04,-2.07246980111255e-04,-8.54527396136787e-01
5.16380702880714e+04,-2.06609725481563e-04,-8.58472072867354e-01
5.18764207909022e+04,-2.05966585018183e-04,-8.62434962371152e-01
5.21158714696668e+04,-2.05317504456506e-04,-8.66416148783692e-01
5.23564274025466e+04,-2.04662429037238e-04,-8.70415716629784e-01
5.25980936911628e+04,-2.04001303495794e-04,-8.74433750825396e-01
5.28408754606845e+04,-2.03334072047835e-04,-8.78470336679399e-01
5.30847778599379e+04,-2.02660678421089e-04,-8.82525559895474e-01
5.33298060615145e+04,-2.01981065803281e-04,-8.86599506573874e-01
5.35759652618820e+04,-2.01295176882632e-04,-8.90692263213327e-01
5.38232606814934e+04,-2.00602953802538e-04,-8.94803916712875e-01
5.40716975648986e+04,-1.99904338185678e-04,-8.98934554373696e-01
5.43212811808550e+04,-1.99199271108941e-04,-9.03084263901021e-01
5.45720168224395e+04,-1.98487693128503e-04,-9.07253133406001e-01
5.48239098071610e+04,-1.97769544216176e-04,-9.11441251407584e-01
5.50769654770725e+04,-1.97044763847167e-04,-9.15648706834451e-01
5.53311891988851e+04,-1.96313290895932e-04,-9.19875589026886e-01
5.55865863640813e+04,-1.95575063694993e-04,-9.24121987738654e-01
5.58431623890298e+04,-1.94830020006019e-04,-9.28387993139027e-01
5.61009227151000e+04,-1.94078097024641e-04,-9.32673695814650e-01
5.63598728087773e+04,-1.93319231365026e-04,-9.36979186771483e-01
5.66200181617797e+04,-1.92553359069522e-04,-9.41304557436781e-01
5.68813642911734e+04,-1.91780415572009e-04,-9.45649899661029e-01
5.71439167394904e+04,-1.91000335744196e-04,-9.50015305719929e-01
5.74076810748460e+04,-1.90213053837755e-04,-9.54400868316370e-01
5.76726628910565e+04,-1.89418503498788e-04,-9.58806680582457e-01
5.79388678077582e+04,-1.88616617793866e-04,-9.63232836081446e-01
5.82063014705264e+04,-1.87807329142527e-04,-9.67679428809784e-01
5.84749695509954e+04,-1.86990569366457e-04,-9.72146553199133e-01
5.87448777469784e+04,-1.86166269656701e-04,-9.76634304118382e-01
5.90160317825884e+04,-1.85334360546667e-04,-9.81142776875717e-01
5.92884374083599e+04,-1.84494771988305e-04,-9.85672067220601e-01
5.95621004013707e+04,-1.83647433253750e-04,-9.90222271345930e-01
5.98370265653641e+04,-1.82792272970997e-04,-9.94793485889990e-01
6.01132217308726e+04,-1.81929219115232e-04,-9.99385807938600e-01
6.03906917553410e+04,-1.81058199003037e-04,-1.00399933502719e+00
6.06694425232508e+04,-1.80179139286611e-04,-1.00863416514290e+00
6.09494799462453e+04,-1.79291965947985e-04,-1.01329039672666e+00
6.12308099632544e+04,-1.78396604290340e-04,-1.01796812867533e+00
6.15134385406211e+04,-1.77492978923546e-04,-1.02266746034378e+00
6.17973716722276e+04,-1.76581013790201e-04,-1.02738849154713e+00
6.20826153796226e+04,-1.75660632098125e-04,-1.03213132256277e+00
6.23691757121492e+04,-1.74731756391725e-04,-1.03689605413263e+00
6.26570587470729e+04,-1.73794308476775e-04,-1.04168278746521e+00
6.29462705897104e+04,-1.72848209462851e-04,-1.04649162423793e+00
6.32368173735597e+04,-1.71893379740186e-04,-1.05132266659919e+00
6.35287052604292e+04,-1.70929738943026e-04,-1.05617601717057e+00
6.38219404405693e+04,-1.69957205983386e-04,-1.06105177904913e+00
6.41165291328032e+04,-1.68975699052011e-04,-1.06595005580953e+00
6.44124775846589e+04,-1.67985135566306e-04,-1.07087095150630e+00
6.47097920725015e+04,-1.66985432196375e-04,-1.07581457067611e+00
6.50084789016667e+04,-1.65976504849589e-04,-1.08078101833996e+00
6.53085444065943e+04,-1.64958268659983e-04,-1.08577040000550e+00
6.56099949509624e+04,-1.63930637995972e-04,-1.09078282166926e+00
6.59128369278226e+04,-1.62893526431421e-04,-1.09581838981892e+00
6.62170767597355e+04,-1.61846846756252e-04,-1.10087721143567e+00
6.65227208989068e+04,-1.60790510961985e-04,-1.10595939399647e+00
6.68297758273244e+04,-1.59724430234022e-04,-1.11106504547634e+00
6.71382480568955e+04,-1.58648514955504e-04,-1.11619427435075e+00
6.74481441295850e+04,-1.57562674671637e-04,-1.12134718959793e+00
6.77594706175541e+04,-1.56466818112832e-04,-1.12652390070117e+00
6.80722341232998e+04,-1.55360853167709e-04,-1.13172451765129e+00
6.83864412797948e+04,-1.54244686901419e-04,-1.13694915094890e+00
6.87020987506281e+04,-1.53118225506465e-04,-1.14219791160685e+00
6.90192132301466e+04,-1.51981374342243e-04,-1.14747091115258e+00
6.93377914435968e+04,-1.50834037885857e-04,-1.15276826163060e+00
6.96578401472675e+04,-1.49676119745629e-04,-1.15809007560481e+00
6.99793661286333e+04,-1.48507522655308e-04,-1.16343646616101e+00
7.03023762064981e+04,-1.47328148458648e-04,-1.16880754690929e+00
7.06268772311402e+04,-1.46137898089154e-04,-1.17420343198651e+00
7.09528760844571e+04,-1.44936671592265e-04,-1.17962423605873e+00
7.12803796801119e+04,-1.43724368111856e-04,-1.18507007432377e+00
7.16093949636797e+04,-1.42500885845880e-04,-1.19054106251357e+00
7.19399289127948e+04,-1.41266122079158e-04,-1.19603731689682e+00
7.22719885372989e+04,-1.40019973153485e-04,-1.20155895428136e+00
7.26055808793896e+04,-1.38762334462810e-04,-1.20710609201680e+00
7.29407130137700e+04,-1.37493100454204e-04,-1.21267884799696e+00
7.32773920477981e+04,-1.36212164597003e-04,-1.21827734066252e+00
7.36156251216385e+04,-1.34919419418490e-04,-1.22390168900351e+00
7.39554194084130e+04,-1.33614756442180e-04,-1.22955201256189e+00
7.42967821143530e+04,-1.32298066207107e-04,-1.23522843143415e+00
7.46397204789524e+04,-1.30969238251435e-04,-1.24093106627394e+00
7.49842417751213e+04,-1.29628161123067e-04,-1.24666003829462e+00
7.53303533093398e+04,-1.28274722337218e-04,-1.25241546927190e+00
7.56780624218131e+04,-1.26908808381234e-04,-1.25819748154650e+00
7.60273764866275e+04,-1.25530304730031e-04,-1.26400619802677e+00
7.63783029119063e+04,-1.24139095793052e-04,-1.26984174219140e+00
7.67308491399674e+04,-1.22735064944170e-04,-1.27570423809201e+00
7.70850226474807e+04,-1.21318094487933e-04,-1.28159381035592e+00
7.74408309456268e+04,-1.19888065643178e-04,-1.28751058418879e+00
7.77982815802565e+04,-1.18444858586424e-04,-1.29345468537738e+00
7.81573821320505e+04,-1.16988352355445e-04,-1.29942624029223e+00
7.85181402166804e+04,-1.15518424927383e-04,-1.30542537589045e+00
7.88805634849703e+04,-1.14034953147388e-04,-1.31145221971844e+00
7.92446596230585e+04,-1.12537812740193e-04,-1.31750689991463e+00
7.96104363525614e+04,-1.11026878311085e-04,-1.32358954521232e+00
7.99779014307363e+04,-1.09502023318902e-04,-1.32970028494243e+00
8.03470626506468e+04,-1.07963120069288e-04,-1.33583924903634e+00
8.07179278413272e+04,-1.06410039717588e-04,-1.34200656802865e+00
8.10905048679495e+04,-1.04842652231243e-04,-1.34820237306010e+00
8.14648016319891e+04,-1.03260826416793e-04,-1.35442679588033e+00
8.18408260713934e+04,-1.01664429873595e-04,-1.36067996885079e+00
8.22185861607496e+04,-1.00053328999608e-04,-1.36696202494763e+00
8.25980899114538e+04,-9.84273889885077e-05,-1.37327309776451e+00
8.29793453718811e+04,-9.67864737882200e-05,-1.37961332151563e+00
8.33623606275562e+04,-9.51304461423929e-05,-1.38598283103853e+00
8.37471438013250e+04,-9.34591675267534e-05,-1.39238176179705e+00
8.41337030535265e+04,-9.17724981655044e-05,-1.39881024988433e+00
8.45220465821663e+04,-9.00702970091491e-05,-1.40526843202571e+00
8.49121826230904e+04,-8.83524217460664e-05,-1.41175644558176e+00
8.53041194501593e+04,-8.66187287552626e-05,-1.41827442855118e+00
8.56978653754244e+04,-8.48690731160182e-05,-1.42482251957388e+00
8.60934287493036e+04,-8.31033086069279e-05,-1.43140085793400e+00
8.64908179607583e+04,-8.13212876538304e-05,-1.43800958356290e+00
8.68900414374720e+04,-7.95228613809219e-05,-1.44464883704222e+00
8.72911076460285e+04,-7.77078795316854e-05,-1.45131875960697e+00
8.76940250920913e+04,-7.58761905055390e-05,-1.45801949314856e+00
8.80988023205848e+04,-7.40276413240891e-05,-1.46475118021795e+00
8.85054479158744e+04,-7.21620776185980e-05,-1.47151396402872e+00
8.89139705019495e+04,-7.02793436348104e-05,-1.47830798846019e+00
8.93243787426059e+04,-6.83792821943841e-05,-1.48513339806055e+00
8.97366813416297e+04,-6.64617347064671e-05,-1.49199033805011e+00
9.01508870429818e+04,-6.45265411387724e-05,-1.49887895432430e+00
9.05670046309835e+04,-6.25735400137248e-05,-1.50579939345702e+00
9.09850429305026e+04,-6.06025683891799e-05,-1.51275180270371e+00
9.14050108071406e+04,-5.86134618603573e-05,-1.51973633000468e+00
9.18269171674208e+04,-5.66060545183794e-05,-1.52675312398823e+00
9.22507709589772e+04,-5.45801789734208e-05,-1.53380233397399e+00
9.26765811707441e+04,-5.25356663103540e-05,-1.54088410997615e+00
9.31043568331469e+04,-5.04723460935765e-05,-1.54799860270672e+00
9.35341070182936e+04,-4.83900463515871e-05,-1.55514596357886e+00
9.39658408401670e+04,-4.62885935384180e-05,-1.56232634471015e+00
9.43995674548183e+04,-4.41678125664277e-05,-1.56953989892599e+00
9.48352960605610e+04,-4.20275267561618e-05,-1.57678677976283e+00
9.52730358981660e+04,-3.98675578382873e-05,-1.58406714147171e+00
9.57127962510580e+04,-3.76877259227400e-05,-1.59138113902142e+00
9.61545864455116e+04,-3.54878495189816e-05,-1.59872892810208e+00
9.65984158508499e+04,-3.32677454733244e-05,-1.60611066512842e+00
9.70442938796427e+04,-3.10272289930459e-05,-1.61352650724333e+00
9.74922299879061e+04,-2.87661136328945e-05,-1.62097661232119e+00
9.79422336753033e+04,-2.64842112478440e-05,-1.62846113897140e+00
9.83943144853461e+04,-2.41813320046721e-05,-1.63598024654189e+00
9.88484820055969e+04,-2.18572843588233e-05,-1.64353409512250e+00
9.93047458678725e+04,-1.95118750495944e-05,-1.65112284554858e+00
9.97631157484479e+04,-1.71449090461386e-05,-1.65874665940456e+00
1.00223601368262e+05,-1.47561896072617e-05,-1.66640569902740e+00
1.00686212493123e+05,-1.23455182023539e-05,-1.67410012751024e+00
1.01150958933918e+05,-9.91269449500381e-06,-1.68183010870592e+00
1.01617850546815e+05,-7.45751637772202e-06,-1.68959580723064e+00
1.02086897233481e+05,-4.97977990733856e-06,-1.69739738846755e+00
1.02558108941282e+05,-2.47927931658285e-06,-1.70523501857036e+00
1.03031495663504e+05,4.41930293031448e-08,-1.71310886446708e+00
1.03507067439556e+05,2.59084659398364e-06,-1.72101909386363e+00
1.03984834355189e+05,5.16089276163186e-06,-1.72896587524755e+00
1.04464806542706e+05,7.75454478388361e-06,-1.73694937789170e+00
1.04946994181180e+05,1.03720178444386e-05,-1.74496977185802e+00
1.05431407496669e+05,1.30135290571230e-05,-1.75302722800129e+00
1.05918056762429e+05,1.56792974697380e-05,-1.76112191797278e+00
1.06406952299140e+05,1.83695441064808e-05,-1.76925401422425e+00
1.06898104475116e+05,2.10844919698643e-05,-1.77742369001156e+00
1.07391523706531e+05,2.38243660580655e-05,-1.78563111939858e+00
1.07887220457638e+05,2.65893933803450e-05,-1.79387647726105e+00
1.08385205240989e+05,2.93798030013966e-05,-1.80215993929041e+00
1.08885488617662e+05,3.21958260124070e-05,-1.81048168199767e+00
1.09388081197482e+05,3.50376955773339e-05,-1.81884188271737e+00
1.09892993639246e+05,3.79056469656823e-05,-1.82724071961144e+00
1.10400236650949e+05,4.07999175216361e-05,-1.83567837167324e+00
1.10909820990015e+05,4.37207467392643e-05,-1.84415501873134e+00
1.11421757463520e+05,4.66683762239373e-05,-1.85267084145372e+00
1.11936056928422e+05,4.96430497713906e-05,-1.86122602135162e+00
1.12452730291794e+05,5.26450133368549e-05,-1.86982074078361e+00
1.12971788511053e+05,5.56745150736177e-05,-1.87845518295966e+00
1.13493242594196e+05,5.87318053503696e-05,-1.88712953194518e+00
1.14017103600026e+05,6.18171367685499e-05,-1.89584397266509e+00
1.14543382638393e+05,6.49307641951217e-05,-1.90459869090792e+00
1.15072090870430e+05,6.80729447509878e-05,-1.91339387332998e+00
1.15603239508784e+05,7.12439378707657e-05,-1.92222970745952e+00
1.16136839817860e+05,7.44440052719170e-05,-1.93110638170077e+00
1.16672903114055e+05,7.76734110318801e-05,-1.94002408533828e+00
1.17211440766001e+05,8.09324215610554e-05,-1.94898300854108e+00
1.17752464194805e+05,8.42213056510088e-05,-1.95798334236686e+00
1.18295984874293e+05,8.75403344705999e-05,-1.96702527876629e+00
1.18842014331249e+05,9.08897816180417e-05,-1.97610901058727e+00
1.19390564145664e+05,9.42699231151004e-05,-1.98523473157924e+00
1.19941645950979e+05,9.76810374417964e-05,-1.99440263639745e+00
1.20495271434335e+05,1.01123405547962e-04,-2.00361292060738e+00
1.21051452336814e+05,1.04597310872511e-04,-2.01286578068905e+00
1.21610200453696e+05,1.08103039370426e-04,-2.02216141404140e+00
1.22171527634704e+05,1.11640879547460e-04,-2.03150001898675e+00
1.22735445784257e+05,1.15211122456259e-04,-2.04088179477518e+00
1.23301966861722e+05,1.18814061748420e-04,-2.05030694158901e+00
1.23871102881669e+05,1.22449993637837e-04,-2.05977566054728e+00
1.24442865914125e+05,1.26119217004819e-04,-2.06928815371022e+00
1.25017268084827e+05,1.29822033347868e-04,-2.07884462408378e+00
1.25594321575484e+05,1.33558746851159e-04,-2.08844527562425e+00
1.26174038624034e+05,1.37329664376807e-04,-2.09809031324271e+00
1.26756431524901e+05,1.41135095505351e-04,-2.10777994280973e+00
1.27341512629257e+05,1.44975352558883e-04,-2.11751437115992e+00
1.27929294345288e+05,1.48850750602953e-04,-2.12729380609660e+00
1.28519789138449e+05,1.52761607504410e-04,-2.13711845639643e+00
1.29113009531735e+05,1.56708243933315e-04,-2.14698853181418e+00
1.29708968105946e+05,1.60690983370633e-04,-2.15690424308736e+00
1.30307677499950e+05,1.64710152164142e-04,-2.16686580194102e+00
1.30909150410955e+05,1.68766079528415e-04,-2.17687342109248e+00
1.31513399594775e+05,1.72859097594944e-04,-2.18692731425608e+00
1.32120437866103e+05,1.76989541410190e-04,-2.19702769614809e+00
1.32730278098783e+05,1.81157748962558e-04,-2.20717478249150e+00
1.33342933226080e+05,1.85364061222885e-04,-2.21736879002083e+00
1.33958416240957e+05,1.89608822150196e-04,-2.22760993648709e+00
1.34576740196352e+05,1.93892378734113e-04,-2.23789844066272e+00
1.35197918205448e+05,1.98215081002550e-04,-2.24823452234643e+00
1.35821963441960e+05,2.02577282079545e-04,-2.25861840236826e+00
1.36448889140408e+05,2.06979338162092e-04,-2.26905030259448e+00
1.37078708596400e+05,2.11421608577979e-04,-2.27953044593274e+00
1.37711435166914e+05,2.15904455801189e-04,-2.29005905633694e+00
1.38347082270582e+05,2.20428245494305e-04,-2.30063635881251e+00
1.38985663387970e+05,2.24993346498844e-04,-2.31126257942133e+00
1.39627192061873e+05,2.29600130914300e-04,-2.32193794528692e+00
1.40271681897592e+05,2.34248974059551e-04,-2.33266268459965e+00
1.40919146563229e+05,2.38940254557684e-04,-2.34343702662182e+00
1.41569599789975e+05,2.43674354332117e-04,-2.35426120169294e+00
1.42223055372402e+05,2.48451658641283e-04,-2.36513544123491e+00
1.42879527168754e+05,2.53272556090172e-04,-2.37605997775736e+00
1.43539029101241e+05,2.58137438695878e-04,-2.38703504486284e+00
1.44201575156337e+05,2.63046701885640e-04,-2.39806087725224e+00
1.44867179385073e+05,2.68000744518025e-04,-2.40913771073008e+00
1.45535855903337e+05,2.72999968934973e-04,-2.42026578220986e+00
1.46207618892173e+05,2.78044780961763e-04,-2.43144532971957e+00
1.46882482598083e+05,2.83135589984129e-04,-2.44267659240699e+00
1.47560461333326e+05,2.88272808907724e-04,-2.45395981054524e+00
1.48241569476224e+05,2.93456854244877e-04,-2.46529522553827e+00
1.48925821471466e+05,2.98688146120343e-04,-2.47668307992633e+00
1.49613231830416e+05,3.03967108280918e-04,-2.48812361739156e+00
1.50303815131418e+05,3.09294168182184e-04,-2.49961708276360e+00
1.50997586020108e+05,3.14669756942193e-04,-2.51116372202511e+00
1.51694559209720e+05,3.20094309430143e-04,-2.52276378231746e+00
1.52394749481406e+05,3.25568264283706e-04,-2.53441751194648e+00
1.53098171684541e+05,3.31092063905125e-04,-2.54612516038805e+00
1.53804840737042e+05,3.36666154538327e-04,-2.55788697829382e+00
1.54514771625686e+05,3.42290986272740e-04,-2.56970321749712e+00
1.55227979406425e+05,3.47967013074112e-04,-2.58157413101859e+00
1.55944479204704e+05,3.53694692821112e-04,-2.59349997307213e+00
1.56664286215786e+05,3.59474487332296e-04,-2.60548099907066e+00
1.57387415705073e+05,3.65306862408489e-04,-2.61751746563210e+00
1.58113883008426e+05,3.71192287853962e-04,-2.62960963058524e+00
1.58843703532496e+05,3.77131237505316e-04,-2.64175775297571e+00
1.59576892755045e+05,3.83124189258441e-04,-2.65396209307193e+00
1.60313466225281e+05,3.89171625118616e-04,-2.66622291237124e+00
1.61053439564179e+05,3.95274031231318e-04,-2.67854047360579e+00
1.61796828464821e+05,4.01431897880253e-04,-2.69091504074876e+00
1.62543648692725e+05,4.07645719572164e-04,-2.70334687902046e+00
1.63293916086175e+05,4.13915995015570e-04,-2.71583625489441e+00
1.64047646556567e+05,4.20243227209436e-04,-2.72838343610362e+00
1.64804856088736e+05,4.26627923416121e-04,-2.74098869164672e+00
1.65565560741303e+05,4.33070595250045e-04,-2.75365229179432e+00
1.66329776647010e+05,4.39571758662209e-04,-2.76637450809520e+00
1.67097520013065e+05,4.46131934023074e-04,-2.77915561338269e+00
1.67868807121485e+05,4.52751646110934e-04,-2.79199588178106e+00
1.68643654329442e+05,4.59431424156228e-04,-2.80489558871181e+00
1.69422078069609e+05,4.66171801912834e-04,-2.81785501090024e+00
1.70204094850508e+05,4.72973317646450e-04,-2.83087442638180e+00
1.70989721256862e+05,4.79836514182747e-04,-2.84395411450864e+00
1.71778973949945e+05,4.86761938951675e-04,-2.85709435595620e+00
1.72571869667936e+05,4.93750144000902e-04,-2.87029543272967e+00
1.73368425226274e+05,5.00801686080612e-04,-2.88355762817071e+00
1.74168657518014e+05,5.07917126597160e-04,-2.89688122696405e+00
1.74972583514187e+05,5.15097031724872e-04,-2.91026651514417e+00
1.75780220264157e+05,5.22341972396335e-04,-2.92371378010209e+00
1.76591584895987e+05,5.29652524354406e-04,-2.93722331059204e+00
1.77406694616796e+05,5.37029268198439e-04,-2.95079539673833e+00
1.78225566713130e+05,5.44472789378429e-04,-2.96443033004215e+00
1.79048218551326e+05,5.51983678289447e-04,-2.97812840338849e+00
1.79874667577880e+05,5.59562530258073e-04,-2.99188991105298e+00
1.80704931319815e+05,5.67209945611756e-04,-3.00571514870901e+00
1.81539027385059e+05,5.74926529686458e-04,-3.01960441343448e+00
1.82376973462813e+05,5.82712892892155e-04,-3.03355800371906e+00
1.83218787323925e+05,5.90569650732050e-04,-3.04757621947116e+00
1.84064486821274e+05,5.98497423839145e-04,-3.06165936202503e+00
1.84914089890142e+05,6.06496838024373e-04,-3.07580773414801e+00
1.85767614548595e+05,6.14568524307390e-04,-3.09002164004762e+00
1.86625078897869e+05,6.22713118951202e-04,-3.10430138537888e+00
1.87486501122751e+05,6.30931263491021e-04,-3.11864727725154e+00
1.88351899491963e+05,6.39223604809398e-04,-3.13305962423743e+00
1.89221292358556e+05,6.47590795126497e-04,-3.14753873637784e+00
1.90094698160290e+05,6.56033492059800e-04,-3.16208492519086e+00
1.90972135420032e+05,6.64552358683805e-04,-3.17669850367892e+00
1.91853622746149e+05,6.73148063506804e-04,-3.19137978633620e+00
1.92739178832895e+05,6.81821280592290e-04,-3.20612908915627e+00
1.93628822460818e+05,6.90572689522227e-04,-3.22094672963954e+00
1.94522572497150e+05,6.99402975481820e-04,-3.23583302680099e+00
1.95420447896210e+05,7.08312829276775e-04,-3.25078830117779e+00
1.96322467699809e+05,7.17302947369854e-04,-3.26581287483704e+00
1.97228651037649e+05,7.26374031963707e-04,-3.28090707138348e+00
1.98139017127729e+05,7.35526790960275e-04,-3.29607121596739e+00
1.99053585276758e+05,7.44761938086047e-04,-3.31130563529233e+00
1.99972374880558e+05,7.54080192855324e-04,-3.32661065762313e+00
2.00895405424480e+05,7.63482280651113e-04,-3.34198661279373e+00
2.01822696483812e+05,7.72968932777095e-04,-3.35743383221530e+00
2.02754267724202e+05,7.82540886463307e-04,-3.37295264888417e+00
2.03690138902066e+05,7.92198884916180e-04,-3.38854339738995e+00
2.04630329865015e+05,8.01943677370500e-04,-3.40420641392365e+00
2.05574860552271e+05,8.11776019116299e-04,-3.41994203628594e+00
2.06523750995091e+05,8.21696671541174e-04,-3.43575060389525e+00
2.07477021317192e+05,8.31706402180309e-04,-3.45163245779615e+00
2.08434691735178e+05,8.41805984733724e-04,-3.46758794066762e+00
2.09396782558969e+05,8.51996199139442e-04,-3.48361739683146e+00
2.10363314192232e+05,8.62277831577221e-04,-3.49972117226069e+00
2.11334307132812e+05,8.72651674534012e-04,-3.51589961458809e+00
2.12309781973167e+05,8.83118526836614e-04,-3.53215307311463e+00
2.13289759400807e+05,8.93679193692055e-04,-3.54848189881814e+00
2.14274260198730e+05,9.04334486731817e-04,-3.56488644436188e+00
2.15263305245866e+05,9.15085224030992e-04,-3.58136706410329e+00
2.16256915517515e+05,9.25932230183370e-04,-3.59792411410264e+00
2.17255112085797e+05,9.36876336309012e-04,-3.61455795213192e+00
2.18257916120094e+05,9.47918380129334e-04,-3.63126893768358e+00
2.19265348887504e+05,9.59059205953466e-04,-3.64805743197953e+00
2.20277431753288e+05,9.70299664788040e-04,-3.66492379797999e+00
2.21294186181324e+05,9.81640614317764e-04,-3.68186840039258e+00
2.22315633734565e+05,9.93082918982414e-04,-3.69889160568135e+00
2.23341796075493e+05,1.00462744998634e-03,-3.71599378207587e+00
2.24372694966577e+05,1.01627508538316e-03,-3.73317529958045e+00
2.25408352270741e+05,1.02802671005826e-03,-3.75043652998332e+00
2.26448789951822e+05,1.03988321581542e-03,-3.76777784686596e+00
2.27494030075036e+05,1.05184550140560e-03,-3.78519962561241e+00
2.28544094807449e+05,1.06391447254990e-03,-3.80270224341871e+00
2.29599006418446e+05,1.07609104199919e-03,-3.82028607930233e+00
2.30658787280201e+05,1.08837612956289e-03,-3.83795151411165e+00
2.31723459868156e+05,1.10077066214542e-03,-3.85569893053564e+00
2.32793046761491e+05,1.11327557380201e-03,-3.87352871311340e+00
2.33867570643611e+05,1.12589180576158e-03,-3.89144124824391e+00
2.34947054302620e+05,1.13862030647680e-03,-3.90943692419574e+00
2.36031520631807e+05,1.15146203164507e-03,-3.92751613111695e+00
2.37120992630134e+05,1.16441794428357e-03,-3.94567926104490e+00
2.38215493402720e+05,1.17748901471752e-03,-3.96392670791618e+00
2.39315046161331e+05,1.19067622066868e-03,-3.98225886757670e+00
2.40419674224877e+05,1.20398054726482e-03,-4.00067613779169e+00
2.41529401019899e+05,1.21740298708388e-03,-4.01917891825582e+00
2.42644250081073e+05,1.23094454018849e-03,-4.03776761060348e+00
2.43764245051706e+05,1.24460621417013e-03,-4.05644261841895e+00
2.44889409684236e+05,1.25838902420101e-03,-4.07520434724677e+00
2.46019767840738e+05,1.27229399300877e-03,-4.09405320460212e+00
2.47155343493430e+05,1.28632215101899e-03,-4.11298959998132e+00
2.48296160725181e+05,1.30047453629138e-03,-4.13201394487229e+00
2.49442243730019e+05,1.31475219460243e-03,-4.15112665276519e+00
2.50593616813649e+05,1.32915617949154e-03,-4.17032813916304e+00
2.51750304393965e+05,1.34368755226459e-03,-4.18961882159254e+00
2.52912331001570e+05,1.35834738206320e-03,-4.20899911961473e+00
2.54079721280293e+05,1.37313674586451e-03,-4.22846945483598e+00
2.55252499987716e+05,1.38805672854645e-03,-4.24803025091890e+00
2.56430691995696e+05,1.40310842290301e-03,-4.26768193359331e+00
2.57614322290892e+05,1.41829292968640e-03,-4.28742493066734e+00
2.58803415975297e+05,1.43361135764345e-03,-4.30725967203862e+00
2.59997998266771e+05,1.44906482354622e-03,-4.32718658970549e+00
2.61198094499573e+05,1.46465445221105e-03,-4.34720611777826e+00
2.62403730124900e+05,1.48038137654652e-03,-4.36731869249066e+00
2.63614930711425e+05,1.49624673759948e-03,-4.38752475221122e+00
2.64831721945843e+05,1.51225168452971e-03,-4.40782473745482e+00
2.66054129633411e+05,1.52839737471381e-03,-4.42821909089435e+00
2.67282179698500e+05,1.54468497372952e-03,-4.44870825737227e+00
2.68515898185140e+05,1.56111565538242e-03,-4.46929268391248e+00
2.69755311257578e+05,1.57769060176158e-03,-4.48997281973207e+00
2.71000445200826e+05,1.59441100326439e-03,-4.51074911625331e+00
2.72251326421225e+05,1.61127805858663e-03,-4.53162202711558e+00
2.73507981447000e+05,1.62829297479351e-03,-4.55259200818745e+00
2.74770436928827e+05,1.64545696733290e-03,-4.57365951757888e+00
2.76038719640393e+05,1.66277126004660e-03,-4.59482501565340e+00
2.77312856478970e+05,1.68023708521057e-03,-4.61608896504046e+00
2.78592874465980e+05,1.69785568355772e-03,-4.63745183064782e+00
2.79878800747570e+05,1.71562830429887e-03,-4.65891407967404e+00
2.81170662595189e+05,1.73355620513591e-03,-4.68047618162101e+00
2.82468487406166e+05,1.75164065229814e-03,-4.70213860830671e+00
2.83772302704289e+05,1.76988292056121e-03,-4.72390183387782e+00
2.85082136140389e+05,1.78828429325070e-03,-4.74576633482262e+00
2.86398015492930e+05,1.80684606228034e-03,-4.76773258998388e+00
2.87719968668594e+05,1.82556952817096e-03,-4.78980108057191e+00
2.89048023702874e+05,1.84445600004628e-03,-4.81197229017758e+00
2.90382208760672e+05,1.86350679566348e-03,-4.83424670478553e+00
2.91722552136888e+05,1.88272324144173e-03,-4.85662481278748e+00
2.93069082257030e+05,1.90210667243681e-03,-4.87910710499556e+00
2.94421827677810e+05,1.92165843241399e-03,-4.90169407465575e+00
2.95780817087753e+05,1.94137987378217e-03,-4.92438621746146e+00
2.97146079307802e+05,1.96127235768216e-03,-4.94718403156718e+00
2.98517643291935e+05,1.98133725394780e-03,-4.97008801760219e+00
2.99895538127771e+05,2.00157594111519e-03,-4.99309867868443e+00
3.01279793037195e+05,2.02198980645705e-03,-5.01621652043437e+00
3.02670437376973e+05,2.04258024598039e-03,-5.03944205098913e+00
3.04067500639375e+05,2.06334866440300e-03,-5.06277578101655e+00
3.05471012452803e+05,2.08429647518777e-03,-5.08621822372939e+00
3.06881002582414e+05,2.10542510051915e-03,-5.10976989489975e+00
3.08297500930758e+05,2.12673597134130e-03,-5.13343131287340e+00
3.09720537538407e+05,2.14823052729986e-03,-5.15720299858438e+00
3.11150142584597e+05,2.16991021680710e-03,-5.18108547556962e+00
3.12586346387860e+05,2.19177649697207e-03,-5.20507926998363e+00
3.14029179406676e+05,2.21383083364067e-03,-5.22918491061343e+00
3.15478672240114e+05,2.23607470135091e-03,-5.25340292889344e+00
3.16934855628481e+05,2.25850958336907e-03,-5.27773385892052e+00
3.18397760453975e+05,2.28113697161794e-03,-5.30217823746920e+00
3.19867417741341e+05,2.30395836673040e-03,-5.32673660400692e+00
3.21343858658527e+05,2.32697527798335e-03,-5.35140950070938e+00
3.22827114517345e+05,2.35018922329537e-03,-5.37619747247612e+00
3.24317216774137e+05,2.37360172921662e-03,-5.40110106694602e+00
3.25814197030439e+05,2.39721433089754e-03,-5.42612083451312e+00
3.27318087033655e+05,2.42102857208254e-03,-5.45125732834241e+00
3.28828918677728e+05,2.44504600504211e-03,-5.47651110438577e+00
3.30346724003816e+05,2.46926819060123e-03,-5.50188272139804e+00
3.31871535200973e+05,2.49369669808105e-03,-5.52737274095327e+00
3.33403384606829e+05,2.51833310524631e-03,-5.55298172746089e+00
3.34942304708282e+05,2.54317899832032e-03,-5.57871024818228e+00
3.36488328142177e+05,2.56823597190732e-03,-5.60455887324722e+00
3.38041487696009e+05,2.59350562895723e-03,-5.63052817567058e+00
3.39601816308611e+05,2.61898958075941e-03,-5.65661873136912e+00
3.41169347070854e+05,2.64468944684955e-03,-5.68283111917841e+00
3.42744113226350e+05,2.67060685499761e-03,-5.70916592086986e+00
3.44326148172157e+05,2.69674344112824e-03,-5.73562372116784e+00
3.45915485459487e+05,2.72310084931635e-03,-5.76220510776709e+00
3.47512158794418e+05,2.74968073166322e-03,-5.78891067135004e+00
3.49116202038605e+05,2.77648474830367e-03,-5.81574100560442e+00
3.50727649210005e+05,2.80351456729557e-03,-5.84269670724089e+00
3.52346534483593e+05,2.83077186459427e-03,-5.86977837601094e+00
3.53972892192089e+05,2.85825832394402e-03,-5.89698661472482e+00
3.55606756826684e+05,2.88597563685047e-03,-5.92432202926957e+00
3.57248163037777e+05,2.91392550246437e-03,-5.95178522862732e+00
3.58897145635701e+05,2.94210962753474e-03,-5.97937682489365e+00
3.60553739591470e+05,2.97052972632925e-03,-6.00709743329605e+00
3.62217980037515e+05,2.99918752049287e-03,-6.03494767221262e+00
3.63889902268432e+05,3.02808473906081e-03,-6.06292816319082e+00
3.65569541741729e+05,3.05722311825928e-03,-6.09103953096643e+00
3.67256934078578e+05,3.08660440148568e-03,-6.11928240348264e+00
3.68952115064571e+05,3.11623033916914e-03,-6.14765741190922e+00
3.70655120650480e+05,3.14610268867158e-03,-6.17616519066199e+00
3.72365986953015e+05,3.17622321422156e-03,-6.20480637742224e+00
3.74084750255598e+05,3.20659368670931e-03,-6.23358161315646e+00
3.75811447009124e+05,3.23721588367834e-03,-6.26249154213621e+00
3.77546113832738e+05,3.26809158912246e-03,-6.29153681195802e+00
3.79288787514613e+05,3.29922259340987e-03,-6.32071807356358e+00
3.81039505012728e+05,3.33061069310330e-03,-6.35003598126003e+00
3.82798303455650e+05,3.36225769087833e-03,-6.37949119274040e+00
3.84565220143327e+05,3.39416539536472e-03,-6.40908436910423e+00
3.86340292547873e+05,3.42633562097799e-03,-6.43881617487840e+00
3.88123558314368e+05,3.45877018779732e-03,-6.46868727803797e+00
3.89915055261652e+05,3.49147092139139e-03,-6.49869835002738e+00
3.91714821383128e+05,3.52443965268661e-03,-6.52885006578166e+00
3.93522894847572e+05,3.55767821775248e-03,-6.55914310374796e+00
3.95339313999935e+05,3.59118845769295e-03,-6.58957814590706e+00
3.97164117362163e+05,3.62497221841442e-03,-6.62015587779519e+00
3.98997343634011e+05,3.65903135046118e-03,-6.65087698852605e+00
4.00839031693863e+05,3.69336770883933e-03,-6.68174217081286e+00
4.02689220599556e+05,3.72798315281364e-03,-6.71275212099073e+00
4.04547949589214e+05,3.76287954569293e-03,-6.74390753903915e+00
4.06415258082073e+05,3.79805875464620e-03,-6.77520912860460e+00
4.08291185679320e+05,3.83352265046294e-03,-6.80665759702350e+00
4.10175772164933e+05,3.86927310736154e-03,-6.83825365534515e+00
4.12069057506525e+05,3.90531200272843e-03,-6.86999801835509e+00
4.13971081856191e+05,3.94164121692644e-03,-6.90189140459837e+00
4.15881885551360e+05,3.97826263299348e-03,-6.93393453640324e+00
4.17801509115648e+05,4.01517813645093e-03,-6.96612813990496e+00
4.19729993259723e+05,4.05238961503311e-03,-6.99847294506971e+00
4.21667378882162e+05,4.08989895839353e-03,-7.03096968571890e+00
4.23613707070323e+05,4.12770805786329e-03,-7.06361909955347e+00
4.25569019101213e+05,4.16581880616503e-03,-7.09642192817847e+00
4.27533356442367e+05,4.20423309713085e-03,-7.12937891712792e+00
4.29506760752723e+05,4.24295282538542e-03,-7.16249081588975e+00
4.31489273883510e+05,4.28197988606584e-03,-7.19575837793103e+00
4.33480937879134e+05,4.32131617449708e-03,-7.22918236072334e+00
4.35481794978066e+05,4.36096358587129e-03,-7.26276352576846e+00
4.37491887613744e+05,4.40092401491944e-03,-7.29650263862413e+00
4.39511258415468e+05,4.44119935556174e-03,-7.33040046893016e+00
4.41539950209307e+05,4.48179150057541e-03,-7.36445779043464e+00
4.43578006019006e+05,4.52270234123163e-03,-7.39867538102050e+00
4.45625469066899e+05,4.56393376690161e-03,-7.43305402273211e+00
4.47682382774823e+05,4.60548766471286e-03,-7.46759450180234e+00
4.49748790765044e+05,4.64736591915915e-03,-7.50229760867962e+00
4.51824736861177e+05,4.68957041165456e-03,-7.53716413805538e+00
4.53910265089120e+05,4.73210302017438e-03,-7.57219488889165e+00
4.56005419677982e+05,4.77496561882842e-03,-7.60739066444890e+00
4.58110245061027e+05,4.81816007738817e-03,-7.64275227231415e+00
4.60224785876613e+05,4.86168826088526e-03,-7.67828052442933e+00
4.62349086969139e+05,4.90555202915207e-03,-7.71397623711976e+00
4.64483193389996e+05,4.94975323631616e-03,-7.74984023112302e+00
4.66627150398523e+05,4.99429373037562e-03,-7.78587333161802e+00
4.68781003462968e+05,5.03917535267034e-03,-7.82207636825427e+00
4.70944798261449e+05,5.08439993738420e-03,-7.85845017518146e+00
4.73118580682924e+05,5.12996931103755e-03,-7.89499559107925e+00
4.75302396828169e+05,5.17588529194507e-03,-7.93171345918738e+00
4.77496293010746e+05,5.22214968967365e-03,-7.96860462733594e+00
4.79700315757995e+05,5.26876430450025e-03,-8.00566994797598e+00
4.81914511812014e+05,5.31573092682741e-03,-8.04291027821041e+00
4.84138928130653e+05,5.36305133656987e-03,-8.08032647982501e+00
4.86373611888512e+05,5.41072730260861e-03,-8.11791941931997e+00
4.88618610477934e+05,5.45876058214864e-03,-8.15568996794140e+00
4.90873971510021e+05,5.50715292005553e-03,-8.19363900171337e+00
4.93139742815635e+05,5.55590604826526e-03,-8.23176740147009e+00
4.95415972446413e+05,5.60502168510540e-03,-8.27007605288843e+00
4.97702708675793e+05,5.65450153457199e-03,-8.30856584652064e+00
5.00000000000030e+05,5.70434728569707e-03,-8.34723767782750e+00
5.02307895139228e+05,5.75456061176586e-03,-8.38609244721167e+00
5.04626443038372e+05,5.80514316968820e-03,-8.42513106005126e+00
5.06955692868370e+05,5.85609659914641e-03,-8.46435442673386e+00
5.09295694027089e+05,5.90742252188391e-03,-8.50376346269080e+00
5.11646496140408e+05,5.95912254090906e-03,-8.54335908843163e+00
5.14008149063268e+05,6.01119823969518e-03,-8.58314222957902e+00
5.16380702880730e+05,6.06365118136135e-03,-8.62311381690394e+00
5.18764207909038e+05,6.11648290783012e-03,-8.66327478636115e+00
5.21158714696684e+05,6.16969493894474e-03,-8.70362607912488e+00
5.23564274025481e+05,6.22328877161543e-03,-8.74416864162514e+00
5.25980936911643e+05,6.27726587891166e-03,-8.78490342558396e+00
5.28408754606861e+05,6.33162770912944e-03,-8.82583138805226e+00
5.30847778599394e+05,6.38637568483364e-03,-8.86695349144694e+00
5.33298060615161e+05,6.44151120191763e-03,-8.90827070358826e+00
5.35759652618836e+05,6.49703562859945e-03,-8.94978399773759e+00
5.38232606814950e+05,6.55295030441417e-03,-8.99149435263557e+00
5.40716975649002e+05,6.60925653915034e-03,-9.03340275254048e+00
5.43212811808566e+05,6.66595561182899e-03,-9.07551018726707e+00
5.45720168224412e+05,6.72304876958822e-03,-9.11781765222566e+00
5.48239098071626e+05,6.78053722658324e-03,-9.16032614846169e+00
5.50769654770741e+05,6.83842216286344e-03,-9.20303668269548e+00
5.53311891988867e+05,6.89670472316653e-03,-9.24595026736250e+00
5.55865863640830e+05,6.95538601580152e-03,-9.28906792065393e+00
5.58431623890315e+05,7.01446711134280e-03,-9.33239066655758e+00
5.61009227151016e+05,7.07394904147090e-03,-9.37591953489922e+00
5.63598728087790e+05,7.13383279764743e-03,-9.41965556138427e+00
5.66200181617814e+05,7.19411932985575e-03,-9.46359978763985e+00
5.68813642911751e+05,7.25480954519517e-03,-9.50775326125729e+00
5.71439167394921e+05,7.31590430663722e-03,-9.55211703583485e+00
5.74076810748477e+05,7.37740443151593e-03,-9.59669217102107e+00
5.76726628910582e+05,7.43931069019754e-03,-9.64147973255839e+00
5.79388678077599e+05,7.50162380456526e-03,-9.68648079232708e+00
5.82063014705282e+05,7.56434444657926e-03,-9.73169642838979e+00
5.84749695509972e+05,7.62747323672114e-03,-9.77712772503629e+00
5.87448777469801e+05,7.69101074245593e-03,-9.82277577282883e+00
5.90160317825902e+05,7.75495747665936e-03,-9.86864166864771e+00
5.92884374083617e+05,7.81931389596447e-03,-9.91472651573744e+00
5.95621004013725e+05,7.88408039913129e-03,-9.96103142375321e+00
5.98370265653659e+05,7.94925732534165e-03,-1.00075575088079e+01
6.01132217308744e+05,8.01484495244002e-03,-1.00543058935193e+01
6.03906917553428e+05,8.08084349522463e-03,-1.01012777070583e+01
6.06694425232527e+05,8.14725310357110e-03,-1.01484740851965e+01
6.09494799462472e+05,8.21407386062359e-03,-1.01958961703558e+01
6.12308099632563e+05,8.28130578090708e-03,-1.02435451116568e+01
6.15134385406230e+05,8.34894880837242e-03,-1.02914220649687e+01
6.17973716722294e+05,8.41700281443566e-03,-1.03395281929595e+01
6.20826153796245e+05,8.48546759596168e-03,-1.03878646651462e+01
6.23691757121511e+05,8.55434287322675e-03,-1.04364326579465e+01
6.26570587470748e+05,8.62362828774836e-03,-1.04852333547294e+01
6.29462705897124e+05,8.69332340022880e-03,-1.05342679458677e+01
6.32368173735616e+05,8.76342768828509e-03,-1.05835376287907e+01
6.35287052604311e+05,8.83394054423684e-03,-1.06330436080363e+01
6.38219404405713e+05,8.90486127280377e-03,-1.06827870953055e+01
6.41165291328052e+05,8.97618908878409e-03,-1.07327693095154e+01
6.44124775846608e+05,9.04792311464061e-03,-1.07829914768543e+01
6.47097920725034e+05,9.12006237806386e-03,-1.08334548308363e+01
6.50084789016687e+05,9.19260580947768e-03,-1.08841606123570e+01
6.53085444065963e+05,9.26555223951799e-03,-1.09351100697492e+01
6.56099949509644e+05,9.33890039636719e-03,-1.09863044588398e+01
6.59128369278246e+05,9.41264890316984e-03,-1.10377450430065e+01
6.62170767597375e+05,9.48679627527111e-03,-1.10894330932356e+01
6.65227208989088e+05,9.56134091745369e-03,-1.11413698881802e+01
6.68297758273264e+05,9.63628112111696e-03,-1.11935567142186e+01
6.71382480568975e+05,9.71161506139105e-03,-1.12459948655135e+01
6.74481441295870e+05,9.78734079414499e-03,-1.12986856440723e+01
6.77594706175562e+05,9.86345625304532e-03,-1.13516303598068e+01
6.80722341233019e+05,9.93995924639332e-03,-1.14048303305945e+01
6.83864412797969e+05,1.00168474540492e-02,-1.14582868823400e+01
6.87020987506302e+05,1.00941184242024e-02,-1.15120013490370e+01
6.90192132301487e+05,1.01717695700785e-02,-1.15659750728309e+01
6.93377914435989e+05,1.02497981666120e-02,-1.16202094040825e+01
6.96578401472697e+05,1.03282013470343e-02,-1.16747057014309e+01
6.99793661286355e+05,1.04069760993790e-02,-1.17294653318589e+01
7.03023762065003e+05,1.04861192629206e-02,-1.17844896707576e+01
7.06268772311423e+05,1.05656275245725e-02,-1.18397801019919e+01
7.09528760844593e+05,1.06454974151141e-02,-1.18953380179671e+01
7.12803796801141e+05,1.07257253054622e-02,-1.19511648196956e+01
7.16093949636819e+05,1.08063074027989e-02,-1.20072619168647e+01
7.19399289127970e+05,1.08872397465871e-02,-1.20636307279041e+01
7.22719885373011e+05,1.09685182045950e-02,-1.21202726800556e+01
7.26055808793919e+05,1.10501384687601e-02,-1.21771892094418e+01
7.29407130137722e+05,1.11320960509814e-02,-1.22343817611368e+01
7.32773920478004e+05,1.12143862788645e-02,-1.22918517892363e+01
7.36156251216408e+05,1.12970042913407e-02,-1.23496007569298e+01
7.39554194084153e+05,1.13799450341937e-02,-1.24076301365720e+01
7.42967821143553e+05,1.14632032555389e-02,-1.24659414097560e+01
7.46397204789548e+05,1.15467735011192e-02,-1.25245360673868e+01
7.49842417751237e+05,1.16306501096558e-02,-1.25834156097549e+01
7.53303533093421e+05,1.17148272079082e-02,-1.26425815466121e+01
7.56780624218154e+05,1.17992987058215e-02,-1.27020353972460e+01
7.60273764866299e+05,1.18840582914081e-02,-1.27617786905571e+01
7.63783029119087e+05,1.19690994256833e-02,-1.28218129651352e+01
7.67308491399698e+05,1.20544153373651e-02,-1.28821397693376e+01
7.70850226474831e+05,1.21399990175432e-02,-1.29427606613670e+01
7.74408309456293e+05,1.22258432141999e-02,-1.30036772093509e+01
7.77982815802589e+05,1.23119404266507e-02,-1.30648909914217e+01
7.81573821320530e+05,1.23982828998524e-02,-1.31264035957970e+01
7.85181402166829e+05,1.24848626185769e-02,-1.31882166208611e+01
7.88805634849728e+05,1.25716713015559e-02,-1.32503316752471e+01
7.92446596230610e+05,1.26587003953379e-02,-1.33127503779201e+01
7.96104363525639e+05,1.27459410682030e-02,-1.33754743582604e+01
7.99779014307389e+05,1.28333842038428e-02,-1.34385052561484e+01
8.03470626506493e+05,1.29210203949509e-02,-1.35018447220494e+01
8.07179278413298e+05,1.30088399366900e-02,-1.35654944171002e+01
8.10905048679520e+05,1.30968328199573e-02,-1.36294560131952e+01
8.14648016319917e+05,1.31849887246618e-02,-1.36937311930747e+01
8.18408260713960e+05,1.32732970126943e-02,-1.37583216504130e+01
8.22185861607522e+05,1.33617467208644e-02,-1.38232290899075e+01
8.25980899114564e+05,1.34503265536862e-02,-1.38884552273690e+01
8.29793453718837e+05,1.35390248759870e-02,-1.39540017898127e+01
8.33623606275588e+05,1.36278297053453e-02,-1.40198705155496e+01
8.37471438013276e+05,1.37167287044920e-02,-1.40860631542790e+01
8.41337030535291e+05,1.38057091733970e-02,-1.41525814671825e+01
8.45220465821690e+05,1.38947580413128e-02,-1.42194272270175e+01
8.49121826230931e+05,1.39838618586655e-02,-1.42866022182129e+01
8.53041194501620e+05,1.40730067886892e-02,-1.43541082369644e+01
8.56978653754272e+05,1.41621785989493e-02,-1.44219470913322e+01
8.60934287493063e+05,1.42513626527486e-02,-1.44901206013379e+01
8.64908179607610e+05,1.43405439002610e-02,-1.45586305990636e+01
8.68900414374748e+05,1.44297068695430e-02,-1.46274789287511e+01
8.72911076460312e+05,1.45188356573902e-02,-1.46966674469024e+01
8.76940250920941e+05,1.46079139199537e-02,-1.47661980223808e+01
8.80988023205876e+05,1.46969248632059e-02,-1.48360725365132e+01
8.85054479158772e+05,1.47858512332083e-02,-1.49062928831931e+01
8.89139705019523e+05,1.48746753062129e-02,-1.49768609689845e+01
8.93243787426087e+05,1.49633788784946e-02,-1.50477787132270e+01
8.97366813416326e+05,1.50519432560776e-02,-1.51190480481414e+01
9.01508870429847e+05,1.51403492441874e-02,-1.51906709189363e+01
9.05670046309864e+05,1.52285771365165e-02,-1.52626492839163e+01
9.09850429305055e+05,1.53166067042960e-02,-1.53349851145900e+01
9.14050108071435e+05,1.54044171851146e-02,-1.54076803957800e+01
9.18269171674237e+05,1.54919872715626e-02,-1.54807371257330e+01
9.22507709589801e+05,1.55792950996221e-02,-1.55541573162317e+01
9.26765811707470e+05,1.56663182367946e-02,-1.56279429927067e+01
9.31043568331499e+05,1.57530336701136e-02,-1.57020961943503e+01
9.35341070182966e+05,1.58394177937871e-02,-1.57766189742305e+01
9.39658408401700e+05,1.59254463966456e-02,-1.58515133994062e+01
9.43995674548213e+05,1.60110946493991e-02,-1.59267815510441e+01
9.48352960605640e+05,1.60963370915669e-02,-1.60024255245351e+01
9.52730358981690e+05,1.61811476181869e-02,-1.60784474296131e+01
9.57127962510610e+05,1.62654994662636e-02,-1.61548493904738e+01
9.61545864455147e+05,1.63493652009544e-02,-1.62316335458951e+01
9.65984158508530e+05,1.64327167014607e-02,-1.63088020493583e+01
9.70442938796457e+05,1.65155251467047e-02,-1.63863570691700e+01
9.74922299879091e+05,1.65977610006159e-02,-1.64643007885855e+01
9.79422336753064e+05,1.66793939972895e-02,-1.65426354059326e+01
9.83943144853492e+05,1.67603931256972e-02,-1.66213631347370e+01
9.88484820056000e+05,1.68407266141949e-02,-1.67004862038486e+01
9.93047458678756e+05,1.69203619147211e-02,-1.67800068575680e+01
9.97631157484510e+05,1.69992656866599e-02,-1.68599273557751e+01
1.00223601368265e+06,1.70774037803897e-02,-1.69402499740583e+01
1.00686212493127e+06,1.71547412205606e-02,-1.70209770038440e+01
1.01150958933921e+06,1.72312421889892e-02,-1.71021107525285e+01
1.01617850546818e+06,1.73068700072802e-02,-1.71836535436096e+01
1.02086897233484e+06,1.73815871190385e-02,-1.72656077168197e+01
1.02558108941286e+06,1.74553550718169e-02,-1.73479756282604e+01
1.03031495663507e+06,1.75281344986757e-02,-1.74307596505370e+01
1.03507067439559e+06,1.75998850993672e-02,-1.75139621728951e+01
1.03984834355192e+06,1.76705656212329e-02,-1.75975856013572e+01
1.04464806542709e+06,1.77401338396160e-02,-1.76816323588615e+01
1.04946994181184e+06,1.78085465380205e-02,-1.77661048854001e+01
1.05431407496672e+06,1.78757594878112e-02,-1.78510056381600e+01
1.05918056762433e+06,1.79417274275369e-02,-1.79363370916634e+01
1.06406952299143e+06,1.80064040419058e-02,-1.80221017379099e+01
1.06898104475119e+06,1.80697419402758e-02,-1.81083020865199e+01
1.07391523706534e+06,1.81316926348005e-02,-1.81949406648782e+01
1.07887220457641e+06,1.81922065181548e-02,-1.82820200182787e+01
1.08385205240993e+06,1.82512328407545e-02,-1.83695427100711e+01
1.08885488617666e+06,1.83087196876982e-02,-1.84575113218067e+01
1.09388081197486e+06,1.83646139550946e-02,-1.85459284533870e+01
1.09892993639249e+06,1.84188613260388e-02,-1.86347967232121e+01
1.10400236650953e+06,1.84714062461545e-02,-1.87241187683300e+01
1.10909820990019e+06,1.85221918985817e-02,-1.88138972445879e+01
1.11421757463523e+06,1.85711601785743e-02,-1.89041348267830e+01
1.11936056928425e+06,1.86182516675508e-02,-1.89948342088150e+01
1.12452730291797e+06,1.86634056067354e-02,-1.90859981038396e+01
1.12971788511057e+06,1.87065598701962e-02,-1.91776292444224e+01
1.13493242594199e+06,1.87476509374510e-02,-1.92697303826935e+01
1.14017103600029e+06,1.87866138655597e-02,-1.93623042905041e+01
1.14543382638397e+06,1.88233822606283e-02,-1.94553537595826e+01
1.15072090870434e+06,1.88578882488193e-02,-1.95488816016920e+01
1.15603239508788e+06,1.88900624468619e-02,-1.96428906487885e+01
1.16136839817864e+06,1.89198339318679e-02,-1.97373837531802e+01
1.16672903114059e+06,1.89471302107774e-02,-1.98323637876871e+01
1.17211440766005e+06,1.89718771890523e-02,-1.99278336458017e+01
1.17752464194809e+06,1.89939991388762e-02,-2.00237962418499e+01
1.18295984874297e+06,1.90134186667716e-02,-2.01202545111536e+01
1.18842014331253e+06,1.90300566805585e-02,-2.02172114101925e+01
1.19390564145668e+06,1.90438323557407e-02,-2.03146699167683e+01
1.19941645950983e+06,1.90546631012067e-02,-2.04126330301681e+01
1.20495271434339e+06,1.90624645244202e-02,-2.05111037713291e+01
1.21051452336818e+06,1.90671503957954e-02,-2.06100851830037e+01
1.21610200453700e+06,1.90686326125438e-02,-2.07095803299254e+01
1.22171527634708e+06,1.90668211618044e-02,-2.08095922989748e+01
1.22735445784261e+06,1.90616240830498e-02,-2.09101241993463e+01
1.23301966861726e+06,1.90529474299116e-02,-2.10111791627154e+01
1.23871102881673e+06,1.90406952311679e-02,-2.11127603434066e+01
1.24442865914129e+06,1.90247694511239e-02,-2.12148709185608e+01
1.25017268084831e+06,1.90050699491785e-02,-2.13175140883041e+01
1.25594321575488e+06,1.89814944386970e-02,-2.14206930759163e+01
1.26174038624038e+06,1.89539384451625e-02,-2.15244111280003e+01
1.26756431524905e+06,1.89222952634432e-02,-2.16286715146505e+01
1.27341512629262e+06,1.88864559144328e-02,-2.17334775296233e+01
1.27929294345292e+06,1.88463091007630e-02,-2.18388324905058e+01
1.28519789138453e+06,1.88017411618015e-02,-2.19447397388860e+01
1.29113009531739e+06,1.87526360277989e-02,-2.20512026405221e+01
1.29708968105950e+06,1.86988751731790e-02,-2.21582245855131e+01
1.30307677499954e+06,1.86403375690411e-02,-2.22658089884676e+01
1.30909150410959e+06,1.85768996347380e-02,-2.23739592886742e+01
1.31513399594779e+06,1.85084351886488e-02,-2.24826789502705e+01
1.32120437866107e+06,1.84348153979850e-02,-2.25919714624126e+01
1.32730278098787e+06,1.83559087277760e-02,-2.27018403394445e+01
1.33342933226084e+06,1.82715808888703e-02,-2.28122891210661e+01
1.33958416240962e+06,1.81816947850464e-02,-2.29233213725022e+01
1.34576740196356e+06,1.80861104591623e-02,-2.30349406846700e+01
1.35197918205452e+06,1.79846850383392e-02,-2.31471506743468e+01
1.35821963441964e+06,1.78772726782083e-02,-2.32599549843362e+01
1.36448889140412e+06,1.77637245060769e-02,-2.33733572836350e+01
1.37078708596404e+06,1.76438885631962e-02,-2.34873612675978e+01
1.37711435166919e+06,1.75176097459230e-02,-2.36019706581021e+01
1.38347082270586e+06,1.73847297458917e-02,-2.37171892037117e+01
1.38985663387975e+06,1.72450869890954e-02,-2.38330206798392e+01
1.39627192061877e+06,1.70985165739556e-02,-2.39494688889079e+01
1.40271681897596e+06,1.69448502081767e-02,-2.40665376605122e+01
1.40919146563233e+06,1.67839161447032e-02,-2.41842308515762e+01
1.41569599789980e+06,1.66155391163360e-02,-2.43025523465124e+01
1.42223055372407e+06,1.64395402693696e-02,-2.44215060573772e+01
1.42879527168758e+06,1.62557370959859e-02,-2.45410959240261e+01
1.43539029101245e+06,1.60639433655394e-02,-2.46613259142670e+01
1.44201575156341e+06,1.58639690546242e-02,-2.47822000240109e+01
1.44867179385077e+06,1.56556202759108e-02,-2.49037222774222e+01
1.45535855903341e+06,1.54386992057987e-02,-2.50258967270653e+01
1.46207618892178e+06,1.52130040108473e-02,-2.51487274540506e+01
1.46882482598088e+06,1.49783287728657e-02,-2.52722185681773e+01
1.47560461333331e+06,1.47344634128229e-02,-2.53963742080741e+01
1.48241569476228e+06,1.44811936134178e-02,-2.55211985413373e+01
1.48925821471471e+06,1.42183007403218e-02,-2.56466957646667e+01
1.49613231830421e+06,1.39455617621355e-02,-2.57728701039979e+01
1.50303815131423e+06,1.36627491689614e-02,-2.58997258146324e+01
1.50997586020112e+06,1.33696308896327e-02,-2.60272671813643e+01
1.51694559209725e+06,1.30659702075574e-02,-2.61554985186037e+01
1.52394749481411e+06,1.27515256751496e-02,-2.62844241704971e+01
1.53098171684546e+06,1.24260510268414e-02,-2.64140485110433e+01
1.53804840737047e+06,1.20892950906831e-02,-2.65443759442071e+01
1.54514771625691e+06,1.17410016984283e-02,-2.66754109040275e+01
1.55227979406430e+06,1.13809095942204e-02,-2.68071578547228e+01
1.55944479204709e+06,1.10087523417273e-02,-2.69396212907912e+01
1.56664286215791e+06,1.06242582297772e-02,-2.70728057371069e+01
1.57387415705078e+06,1.02271501764915e-02,-2.72067157490114e+01
1.58113883008431e+06,9.81714563183254e-03,-2.73413559124005e+01
1.58843703532501e+06,9.39395647858299e-03,-2.74767308438054e+01
1.59576892755050e+06,8.95728893181515e-03,-2.76128451904693e+01
1.60313466225286e+06,8.50684343664070e-03,-2.77497036304183e+01
1.61053439564184e+06,8.04231456443033e-03,-2.78873108725261e+01
1.61796828464827e+06,7.56339090735392e-03,-2.80256716565736e+01
1.62543648692730e+06,7.06975497130686e-03,-2.81647907533017e+01
1.63293916086181e+06,6.56108306704339e-03,-2.83046729644579e+01
1.64047646556572e+06,6.03704519982834e-03,-2.84453231228361e+01
1.64804856088742e+06,5.49730495714597e-03,-2.85867460923100e+01
1.65565560741308e+06,4.94151939487836e-03,-2.87289467678583e+01
1.66329776647015e+06,4.36933892160299e-03,-2.88719300755837e+01
1.67097520013070e+06,3.78040718121477e-03,-2.90157009727229e+01
1.67868807121490e+06,3.17436093374261e-03,-2.91602644476498e+01
1.68643654329448e+06,2.55082993438385e-03,-2.93056255198692e+01
1.69422078069615e+06,1.90943681072546e-03,-2.94517892400030e+01
1.70204094850514e+06,1.24979693812626e-03,-2.95987606897668e+01
1.70989721256868e+06,5.71518313310699e-04,-2.97465449819372e+01
1.71778973949951e+06,-1.25798573903857e-04,-2.98951472603101e+01
1.72571869667942e+06,-8.42560870786625e-04,-3.00445726996487e+01
1.73368425226279e+06,-1.57918349370482e-03,-3.01948265056214e+01
1.74168657518020e+06,-2.33608926201335e-03,-3.03459139147289e+01
1.74972583514192e+06,-3.11370903390077e-03,-3.04978401942209e+01
1.75780220264163e+06,-3.91248184411181e-03,-3.06506106420010e+01
1.76591584895992e+06,-4.73285504359331e-03,-3.08042305865200e+01
1.77406694616802e+06,-5.57528444109224e-03,-3.09587053866577e+01
1.78225566713136e+06,-6.44023444667324e-03,-3.11140404315912e+01
1.79048218551332e+06,-7.32817821722550e-03,-3.12702411406516e+01
1.79874667577885e+06,-8.23959780390861e-03,-3.14273129631663e+01
1.80704931319821e+06,-9.17498430155806e-03,-3.15852613782883e+01
1.81539027385065e+06,-1.01348380001103e-02,-3.17440918948119e+01
1.82376973462818e+06,-1.11196685379102e-02,-3.19038100509719e+01
1.83218787323931e+06,-1.21299950571598e-02,-3.20644214142304e+01
1.84064486821280e+06,-1.31663463611834e-02,-3.22259315810461e+01
1.84914089890148e+06,-1.42292610738213e-02,-3.23883461766290e+01
1.85767614548601e+06,-1.53192878007220e-02,-3.25516708546773e+01
1.86625078897875e+06,-1.64369852926854e-02,-3.27159112970995e+01
1.87486501122757e+06,-1.75829226109459e-02,-3.28810732137167e+01
1.88351899491969e+06,-1.87576792944940e-02,-3.30471623419490e+01
1.89221292358562e+06,-1.99618455293583e-02,-3.32141844464824e+01
1.90094698160296e+06,-2.11960223198064e-02,-3.33821453189171e+01
1.90972135420038e+06,-2.24608216616498e-02,-3.35510507773962e+01
1.91853622746155e+06,-2.37568667173739e-02,-3.37209066662144e+01
1.92739178832901e+06,-2.50847919932856e-02,-3.38917188554063e+01
1.93628822460824e+06,-2.64452435185992e-02,-3.40634932403132e+01
1.94522572497156e+06,-2.78388790264346e-02,-3.42362357411284e+01
1.95420447896217e+06,-2.92663681367021e-02,-3.44099523024200e+01
1.96322467699816e+06,-3.07283925409560e-02,-3.45846488926308e+01
1.97228651037655e+06,-3.22256461889768e-02,-3.47603315035549e+01
1.98139017127736e+06,-3.37588354773673e-02,-3.49370061497894e+01
1.99053585276765e+06,-3.53286794398446e-02,-3.51146788681620e+01
1.99972374880565e+06,-3.69359099394180e-02,-3.52933557171327e+01
2.00895405424486e+06,-3.85812718622256e-02,-3.54730427761699e+01
2.01822696483819e+06,-4.02655233132765e-02,-3.56537461450987e+01
2.02754267724208e+06,-4.19894358137005e-02,-3.58354719434227e+01
2.03690138902073e+06,-4.37537944998144e-02,-3.60182263096171e+01
2.04630329865022e+06,-4.55593983237499e-02,-3.62020154003932e+01
2.05574860552278e+06,-4.74070602556440e-02,-3.63868453899332e+01
2.06523750995097e+06,-4.92976074874392e-02,-3.65727224690944e+01
2.07477021317198e+06,-5.12318816380739e-02,-3.67596528445831e+01
2.08434691735185e+06,-5.32107389602385e-02,-3.69476427380960e+01
2.09396782558976e+06,-5.52350505483684e-02,-3.71366983854297e+01
2.10363314192239e+06,-5.73057025480662e-02,-3.73268260355562e+01
2.11334307132819e+06,-5.94235963667547e-02,-3.75180319496654e+01
2.12309781973174e+06,-6.15896488854962e-02,-3.77103224001716e+01
2.13289759400814e+06,-6.38047926719916e-02,-3.79037036696856e+01
2.14274260198737e+06,-6.60699761945751e-02,-3.80981820499495e+01
2.15263305245873e+06,-6.83861640372144e-02,-3.82937638407350e+01
2.16256915517522e+06,-7.07543371153878e-02,-3.84904553487032e+01
2.17255112085803e+06,-7.31754928928350e-02,-3.86882628862262e+01
2.18257916120101e+06,-7.56506455988687e-02,-3.88871927701687e+01
2.19265348887511e+06,-7.81808264464794e-02,-3.90872513206293e+01
2.20277431753295e+06,-8.07670838508592e-02,-3.92884448596408e+01
2.21294186181331e+06,-8.34104836483797e-02,-3.94907797098282e+01
2.22315633734572e+06,-8.61121093158360e-02,-3.96942621930240e+01
2.23341796075500e+06,-8.88730621899552e-02,-3.98988986288400e+01
2.24372694966584e+06,-9.16944616869117e-02,-4.01046953331939e+01
2.25408352270749e+06,-9.45774455218318e-02,-4.03116586167915e+01
2.26448789951829e+06,-9.75231699280808e-02,-4.05197947835619e+01
2.27494030075043e+06,-1.00532809876279e-01,-4.07291101290464e+01
2.28544094807456e+06,-1.03607559292807e-01,-4.09396109387387e+01
2.29599006418453e+06,-1.06748631277746e-01,-4.11513034863775e+01
2.30658787280209e+06,-1.09957258322042e-01,-4.13641940321887e+01
2.31723459868163e+06,-1.13234692523721e-01,-4.15782888210778e+01
2.32793046761499e+06,-1.16582205803113e-01,-4.17935940807713e+01
2.33867570643618e+06,-1.20001090116643e-01,-4.20101160199056e+01
2.34947054302627e+06,-1.23492657669412e-01,-4.22278608260640e+01
2.36031520631815e+06,-1.27058241125962e-01,-4.24468346637595e+01
2.37120992630142e+06,-1.30699193819299e-01,-4.26670436723640e+01
2.38215493402728e+06,-1.34416889957992e-01,-4.28884939639819e+01
2.39315046161339e+06,-1.38212724830854e-01,-4.31111916212687e+01
2.40419674224884e+06,-1.42088115009397e-01,-4.33351426951924e+01
2.41529401019906e+06,-1.46044498547494e-01,-4.35603532027380e+01
2.42644250081081e+06,-1.50083335178243e-01,-4.37868291245547e+01
2.43764245051713e+06,-1.54206106507675e-01,-4.40145764025433e+01
2.44889409684243e+06,-1.58414316205127e-01,-4.42436009373862e+01
2.46019767840746e+06,-1.62709490189996e-01,-4.44739085860160e+01
2.47155343493438e+06,-1.67093176814662e-01,-4.47055051590245e+01
2.48296160725189e+06,-1.71566947043235e-01,-4.49383964180112e+01
2.49442243730027e+06,-1.76132394625935e-01,-4.51725880728694e+01
2.50593616813657e+06,-1.80791136268815e-01,-4.54080857790110e+01
2.51750304393973e+06,-1.85544811798459e-01,-4.56448951345287e+01
2.52912331001578e+06,-1.90395084321438e-01,-4.58830216772957e+01
2.54079721280302e+06,-1.95343640378260e-01,-4.61224708820018e+01
2.55252499987725e+06,-2.00392190091330e-01,-4.63632481571263e+01
2.56430691995704e+06,-2.05542467306785e-01,-4.66053588418467e+01
2.57614322290900e+06,-2.10796229729802e-01,-4.68488082028841e+01
2.58803415975306e+06,-2.16155259053029e-01,-4.70936014312834e+01
2.59997998266780e+06,-2.21621361077805e-01,-4.73397436391303e+01
2.61198094499582e+06,-2.27196365827836e-01,-4.75872398562027e+01
2.62403730124908e+06,-2.32882127654946e-01,-4.78360950265586e+01
2.63614930711434e+06,-2.38680525336592e-01,-4.80863140050590e+01
2.64831721945851e+06,-2.44593462164650e-01,-4.83379015538268e+01
2.66054129633420e+06,-2.50622866025266e-01,-4.85908623386417e+01
2.67282179698508e+06,-2.56770689469203e-01,-4.88452009252711e+01
2.68515898185149e+06,-2.63038909772417e-01,-4.91009217757373e+01
2.69755311257587e+06,-2.69429528986408e-01,-4.93580292445222e+01
2.71000445200835e+06,-2.75944573977986e-01,-4.96165275747088e+01
2.72251326421234e+06,-2.82586096457916e-01,-4.98764208940612e+01
2.73507981447009e+06,-2.89356172998190e-01,-5.01377132110423e+01
2.74770436928836e+06,-2.96256905037401e-01,-5.04004084107727e+01
2.76038719640402e+06,-3.03290418873755e-01,-5.06645102509277e+01
2.77312856478979e+06,-3.10458865645425e-01,-5.09300223575771e+01
2.78592874465989e+06,-3.17764421297628e-01,-5.11969482209665e+01
2.79878800747579e+06,-3.25209286536109e-01,-5.14652911912423e+01
2.81170662595199e+06,-3.32795686766578e-01,-5.17350544741214e+01
2.82468487406175e+06,-3.40525872019554e-01,-5.20062411265067e+01
2.83772302704298e+06,-3.48402116860259e-01,-5.22788540520504e+01
2.85082136140398e+06,-3.56426720283054e-01,-5.25528959966668e+01
2.86398015492939e+06,-3.64602005589975e-01,-5.28283695439949e+01
2.87719968668603e+06,-3.72930320252926e-01,-5.31052771108151e+01
2.89048023702884e+06,-3.81414035758994e-01,-5.33836209424198e+01
2.90382208760681e+06,-3.90055547438548e-01,-5.36634031079412e+01
2.91722552136897e+06,-3.98857274275569e-01,-5.39446254956382e+01
2.93069082257040e+06,-4.07821658699745e-01,-5.42272898081444e+01
2.94421827677820e+06,-4.16951166359952e-01,-5.45113975576809e+01
2.95780817087762e+06,-4.26248285878617e-01,-5.47969500612354e+01
2.97146079307812e+06,-4.35715528586503e-01,-5.50839484357105e+01
2.98517643291944e+06,-4.45355428237517e-01,-5.53723935930449e+01
2.99895538127781e+06,-4.55170540703056e-01,-5.56622862353101e+01
3.01279793037205e+06,-4.65163443645506e-01,-5.59536268497861e+01
3.02670437376983e+06,-4.75336736170398e-01,-5.62464157040186e+01
3.04067500639385e+06,-4.85693038456900e-01,-5.65406528408632e+01
3.05471012452812e+06,-4.96234991366183e-01,-5.68363380735180e+01
3.06881002582424e+06,-5.06965256027226e-01,-5.71334709805503e+01
3.08297500930768e+06,-5.17886513399801e-01,-5.74320509009203e+01
3.09720537538418e+06,-5.29001463814118e-01,-5.77320769290069e+01
3.11150142584607e+06,-5.40312826486895e-01,-5.80335479096387e+01
3.12586346387870e+06,-5.51823339013432e-01,-5.83364624331363e+01
3.14029179406686e+06,-5.63535756835428e-01,-5.86408188303690e+01
3.15478672240124e+06,-5.75452852684127e-01,-5.89466151678316e+01
3.16934855628491e+06,-5.87577415998691e-01,-5.92538492427465e+01
3.18397760453986e+06,-5.99912252319328e-01,-5.95625185781946e+01
3.19867417741352e+06,-6.12460182655044e-01,-5.98726204182831e+01
3.21343858658538e+06,-6.25224042825778e-01,-6.01841517233522e+01
3.22827114517356e+06,-6.38206682778724e-01,-6.04971091652293e+01
3.24317216774147e+06,-6.51410965878621e-01,-6.08114891225345e+01
3.25814197030450e+06,-6.64839768171933e-01,-6.11272876760433e+01
3.27318087033666e+06,-6.78495977624726e-01,-6.14445006041142e+01
3.28828918677739e+06,-6.92382493334244e-01,-6.17631233781850e+01
3.30346724003827e+06,-7.06502224714014e-01,-6.20831511583451e+01
3.31871535200983e+06,-7.20858090652546e-01,-6.24045787889908e+01
3.33403384606840e+06,-7.35453018645583e-01,-6.27274007945683e+01
3.34942304708292e+06,-7.50289943901978e-01,-6.30516113754131e+01
3.36488328142188e+06,-7.65371808423223e-01,-6.33772044036899e+01
3.38041487696020e+06,-7.80701560056794e-01,-6.37041734194422e+01
3.39601816308622e+06,-7.96282151523465e-01,-6.40325116267567e+01
3.41169347070865e+06,-8.12116539418738e-01,-6.43622118900505e+01
3.42744113226361e+06,-8.28207683188653e-01,-6.46932667304862e+01
3.44326148172168e+06,-8.44558544080280e-01,-6.50256683225251e+01
3.45915485459499e+06,-8.61172084067119e-01,-6.53594084906216e+01
3.47512158794429e+06,-8.78051264749919e-01,-6.56944787060691e+01
3.49116202038616e+06,-8.95199046233148e-01,-6.60308700840029e+01
3.50727649210017e+06,-9.12618385977717e-01,-6.63685733805668e+01
3.52346534483605e+06,-9.30312237630353e-01,-6.67075789902520e+01
3.53972892192100e+06,-9.48283549830239e-01,-6.70478769434136e+01
3.55606756826696e+06,-9.66535264993446e-01,-6.73894569039733e+01
3.57248163037788e+06,-9.85070318075872e-01,-6.77323081673135e+01
3.58897145635713e+06,-1.00389163531533e+00,-6.80764196583720e+01
3.60553739591482e+06,-1.02300213295349e+00,-6.84217799299411e+01
3.62217980037527e+06,-1.04240471593863e+00,-6.87683771611808e+01
3.63889902268444e+06,-1.06210227660974e+00,-6.91161991563506e+01
3.65569541741741e+06,-1.08209769336321e+00,-6.94652333437676e+01
3.67256934078590e+06,-1.10239382930276e+00,-6.98154667749963e+01
3.68952115064583e+06,-1.12299353087375e+00,-7.01668861242774e+01
3.70655120650492e+06,-1.14389962648288e+00,-7.05194776881998e+01
3.72365986953028e+06,-1.16511492510427e+00,-7.08732273856242e+01
3.74084750255611e+06,-1.18664221487321e+00,-7.12281207578609e+01
3.75811447009136e+06,-1.20848426166863e+00,-7.15841429691101e+01
3.77546113832751e+06,-1.23064380768557e+00,-7.19412788071674e+01
3.79288787514626e+06,-1.25312356999887e+00,-7.22995126844009e+01
3.81039505012740e+06,-1.27592623911949e+00,-7.26588286390036e+01
3.82798303455662e+06,-1.29905447754463e+00,-7.30192103365264e+01
3.84565220143339e+06,-1.32251091830332e+00,-7.33806410716941e+01
3.86340292547886e+06,-1.34629816349862e+00,-7.37431037705100e+01
3.88123558314381e+06,-1.37041878284809e+00,-7.41065809926509e+01
3.89915055261664e+06,-1.39487531222397e+00,-7.44710549341560e+01
3.91714821383141e+06,-1.41967025219465e+00,-7.48365074304125e+01
3.93522894847585e+06,-1.44480606656890e+00,-7.52029199594396e+01
3.95339313999948e+06,-1.47028518094460e+00,-7.55702736454735e+01
3.97164117362176e+06,-1.49610998126348e+00,-7.59385492628538e+01
3.98997343634024e+06,-1.52228281237354e+00,-7.63077272402130e+01
4.00839031693876e+06,-1.54880597660094e+00,-7.66777876649694e+01
4.02689220599570e+06,-1.57568173233277e+00,-7.70487102881233e+01
4.04547949589228e+06,-1.60291229261282e+00,-7.74204745293568e+01
4.06415258082086e+06,-1.63049982375151e+00,-7.77930594824353e+01
4.08291185679333e+06,-1.65844644395235e+00,-7.81664439209104e+01
4.10175772164946e+06,-1.68675422195600e+00,-7.85406063041216e+01
4.12069057506538e+06,-1.71542517570423e+00,-7.89155247834956e+01
4.13971081856205e+06,-1.74446127102508e+00,-7.92911772091386e+01
4.15881885551373e+06,-1.77386442034120e+00,-7.96675411367210e+01
4.17801509115662e+06,-1.80363648140301e+00,-8.00445938346474e+01
4.19729993259737e+06,-1.83377925604822e+00,-8.04223122915115e+01
4.21667378882176e+06,-1.86429448898976e+00,-8.08006732238273e+01
4.23613707070337e+06,-1.89518386663338e+00,-8.11796530840343e+01
4.25569019101227e+06,-1.92644901592680e+00,-8.15592280687695e+01
4.27533356442381e+06,-1.95809150324199e+00,-8.19393741274002e+01
4.29506760752737e+06,-1.99011283329210e+00,-8.23200669708111e+01
4.31489273883524e+06,-2.02251444808458e+00,-8.27012820804387e+01
4.33480937879148e+06,-2.05529772591215e+00,-8.30829947175447e+01
4.35481794978080e+06,-2.08846398038279e+00,-8.34651799327207e+01
4.37491887613758e+06,-2.12201445949054e+00,-8.38478125756157e+01
4.39511258415482e+06,-2.15595034472817e+00,-8.42308673048779e+01
4.41539950209322e+06,-2.19027275024309e+00,-8.46143185983000e+01
4.43578006019021e+06,-2.22498272203806e+00,-8.49981407631592e+01
4.45625469066914e+06,-2.26008123721736e+00,-8.53823079467424e+01
4.47682382774838e+06,-2.29556920328012e+00,-8.57667941470444e+01
4.49748790765059e+06,-2.33144745746146e+00,-8.61515732236289e+01
4.51824736861192e+06,-2.36771676612272e+00,-8.65366189086423e+01
4.53910265089134e+06,-2.40437782419151e+00,-8.69219048179661e+01
4.56005419677997e+06,-2.44143125465264e+00,-8.73074044624991e+01
4.58110245061042e+06,-2.47887760809055e+00,-8.76930912595547e+01
4.60224785876628e+06,-2.51671736228406e+00,-8.80789385443629e+01
4.62349086969154e+06,-2.55495092185397e+00,-8.84649195816628e+01
4.64483193390011e+06,-2.59357861796418e+00,-8.88510075773747e+01
4.66627150398539e+06,-2.63260070807677e+00,-8.92371756903376e+01
4.68781003462983e+06,-2.67201737576122e+00,-8.96233970440982e+01
4.70944798261464e+06,-2.71182873055846e+00,-9.00096447387417e+01
4.73118580682940e+06,-2.75203480789957e+00,-9.03958918627467e+01
4.75302396828185e+06,-2.79263556907955e+00,-9.07821115048547e+01
4.77496293010762e+06,-2.83363090128597e+00,-9.11682767659383e+01
4.79700315758011e+06,-2.87502061768268e+00,-9.15543607708562e+01
4.81914511812030e+06,-2.91680445754828e+00,-9.19403366802815e+01
4.84138928130669e+06,-2.95898208646915e+00,-9.23261777024893e+01
4.86373611888528e+06,-3.00155309658685e+00,-9.27118571050918e+01
4.88618610477951e+06,-3.04451700689936e+00,-9.30973482267065e+01
4.90873971510038e+06,-3.08787326361584e+00,-9.34826244885454e+01
4.93139742815651e+06,-3.13162124056418e+00,-9.38676594059124e+01
4.95415972446430e+06,-3.17576023965087e+00,-9.42524265995962e+01
4.97702708675810e+06,-3.22028949137232e+00,-9.46368998071464e+01
5.00000000000000e+06,-3.26520815537616e+00,-9.50210528940130e+01
