Freq.	V(N003db,N004deg)
5.00000000000000e+03,2.35218250062505e+01,1.79999999994492e+02
5.02307895139198e+03,2.35218250062501e+01,1.79999999994467e+02
5.04626443038342e+03,2.35218250062498e+01,1.79999999994442e+02
5.06955692868340e+03,2.35218250062494e+01,1.79999999994416e+02
5.09295694027059e+03,2.35218250062490e+01,1.79999999994390e+02
5.11646496140377e+03,2.35218250062486e+01,1.79999999994365e+02
5.14008149063237e+03,2.35218250062482e+01,1.79999999994339e+02
5.16380702880699e+03,2.35218250062478e+01,1.79999999994313e+02
5.18764207909007e+03,2.35218250062474e+01,1.79999999994287e+02
5.21158714696652e+03,2.35218250062470e+01,1.79999999994260e+02
5.23564274025450e+03,2.35218250062466e+01,1.79999999994234e+02
5.25980936911612e+03,2.35218250062462e+01,1.79999999994208e+02
5.28408754606830e+03,2.35218250062458e+01,1.79999999994181e+02
5.30847778599363e+03,2.35218250062454e+01,1.79999999994154e+02
5.33298060615129e+03,2.35218250062450e+01,1.79999999994127e+02
5.35759652618804e+03,2.35218250062446e+01,1.79999999994100e+02
5.38232606814918e+03,2.35218250062441e+01,1.79999999994073e+02
5.40716975648969e+03,2.35218250062437e+01,1.79999999994046e+02
5.43212811808533e+03,2.35218250062433e+01,1.79999999994019e+02
5.45720168224379e+03,2.35218250062428e+01,1.79999999993991e+02
5.48239098071593e+03,2.35218250062424e+01,1.79999999993964e+02
5.50769654770708e+03,2.35218250062419e+01,1.79999999993936e+02
5.53311891988834e+03,2.35218250062415e+01,1.79999999993908e+02
5.55865863640796e+03,2.35218250062410e+01,1.79999999993880e+02
5.58431623890281e+03,2.35218250062406e+01,1.79999999993852e+02
5.61009227150982e+03,2.35218250062401e+01,1.79999999993824e+02
5.63598728087756e+03,2.35218250062396e+01,1.79999999993796e+02
5.66200181617779e+03,2.35218250062392e+01,1.79999999993767e+02
5.68813642911716e+03,2.35218250062387e+01,1.79999999993739e+02
5.71439167394887e+03,2.35218250062382e+01,1.79999999993710e+02
5.74076810748442e+03,2.35218250062377e+01,1.79999999993681e+02
5.76726628910547e+03,2.35218250062372e+01,1.79999999993652e+02
5.79388678077564e+03,2.35218250062367e+01,1.79999999993623e+02
5.82063014705246e+03,2.35218250062362e+01,1.79999999993594e+02
5.84749695509936e+03,2.35218250062357e+01,1.79999999993564e+02
5.87448777469766e+03,2.35218250062352e+01,1.79999999993535e+02
5.90160317825866e+03,2.35218250062347e+01,1.79999999993505e+02
5.92884374083581e+03,2.35218250062342e+01,1.79999999993475e+02
5.95621004013688e+03,2.35218250062337e+01,1.79999999993445e+02
5.98370265653623e+03,2.35218250062331e+01,1.79999999993415e+02
6.01132217308708e+03,2.35218250062326e+01,1.79999999993385e+02
6.03906917553391e+03,2.35218250062321e+01,1.79999999993355e+02
6.06694425232490e+03,2.35218250062315e+01,1.79999999993324e+02
6.09494799462435e+03,2.35218250062310e+01,1.79999999993294e+02
6.12308099632526e+03,2.35218250062304e+01,1.79999999993263e+02
6.15134385406192e+03,2.35218250062299e+01,1.79999999993232e+02
6.17973716722257e+03,2.35218250062293e+01,1.79999999993201e+02
6.20826153796207e+03,2.35218250062287e+01,1.79999999993170e+02
6.23691757121473e+03,2.35218250062282e+01,1.79999999993139e+02
6.26570587470710e+03,2.35218250062276e+01,1.79999999993107e+02
6.29462705897085e+03,2.35218250062270e+01,1.79999999993076e+02
6.32368173735578e+03,2.35218250062264e+01,1.79999999993044e+02
6.35287052604273e+03,2.35218250062258e+01,1.79999999993012e+02
6.38219404405674e+03,2.35218250062252e+01,1.79999999992980e+02
6.41165291328013e+03,2.35218250062246e+01,1.79999999992948e+02
6.44124775846569e+03,2.35218250062240e+01,1.79999999992916e+02
6.47097920724995e+03,2.35218250062234e+01,1.79999999992883e+02
6.50084789016647e+03,2.35218250062228e+01,1.79999999992851e+02
6.53085444065923e+03,2.35218250062221e+01,1.79999999992818e+02
6.56099949509604e+03,2.35218250062215e+01,1.79999999992785e+02
6.59128369278206e+03,2.35218250062209e+01,1.79999999992752e+02
6.62170767597335e+03,2.35218250062202e+01,1.79999999992719e+02
6.65227208989048e+03,2.35218250062196e+01,1.79999999992685e+02
6.68297758273224e+03,2.35218250062189e+01,1.79999999992652e+02
6.71382480568934e+03,2.35218250062183e+01,1.79999999992618e+02
6.74481441295829e+03,2.35218250062176e+01,1.79999999992584e+02
6.77594706175521e+03,2.35218250062169e+01,1.79999999992551e+02
6.80722341232978e+03,2.35218250062162e+01,1.79999999992516e+02
6.83864412797927e+03,2.35218250062155e+01,1.79999999992482e+02
6.87020987506260e+03,2.35218250062148e+01,1.79999999992448e+02
6.90192132301445e+03,2.35218250062141e+01,1.79999999992413e+02
6.93377914435947e+03,2.35218250062134e+01,1.79999999992379e+02
6.96578401472655e+03,2.35218250062127e+01,1.79999999992344e+02
6.99793661286312e+03,2.35218250062120e+01,1.79999999992309e+02
7.03023762064960e+03,2.35218250062113e+01,1.79999999992274e+02
7.06268772311380e+03,2.35218250062105e+01,1.79999999992238e+02
7.09528760844549e+03,2.35218250062098e+01,1.79999999992203e+02
7.12803796801097e+03,2.35218250062091e+01,1.79999999992167e+02
7.16093949636775e+03,2.35218250062083e+01,1.79999999992131e+02
7.19399289127926e+03,2.35218250062075e+01,1.79999999992095e+02
7.22719885372967e+03,2.35218250062068e+01,1.79999999992059e+02
7.26055808793875e+03,2.35218250062060e+01,1.79999999992023e+02
7.29407130137678e+03,2.35218250062052e+01,1.79999999991986e+02
7.32773920477959e+03,2.35218250062044e+01,1.79999999991950e+02
7.36156251216363e+03,2.35218250062036e+01,1.79999999991913e+02
7.39554194084107e+03,2.35218250062028e+01,1.79999999991876e+02
7.42967821143507e+03,2.35218250062020e+01,1.79999999991839e+02
7.46397204789502e+03,2.35218250062012e+01,1.79999999991802e+02
7.49842417751191e+03,2.35218250062004e+01,1.79999999991764e+02
7.53303533093375e+03,2.35218250061996e+01,1.79999999991726e+02
7.56780624218108e+03,2.35218250061987e+01,1.79999999991689e+02
7.60273764866252e+03,2.35218250061979e+01,1.79999999991651e+02
7.63783029119040e+03,2.35218250061970e+01,1.79999999991613e+02
7.67308491399651e+03,2.35218250061961e+01,1.79999999991574e+02
7.70850226474784e+03,2.35218250061953e+01,1.79999999991536e+02
7.74408309456245e+03,2.35218250061944e+01,1.79999999991497e+02
7.77982815802542e+03,2.35218250061935e+01,1.79999999991458e+02
7.81573821320481e+03,2.35218250061926e+01,1.79999999991419e+02
7.85181402166781e+03,2.35218250061917e+01,1.79999999991380e+02
7.88805634849679e+03,2.35218250061908e+01,1.79999999991341e+02
7.92446596230561e+03,2.35218250061899e+01,1.79999999991301e+02
7.96104363525590e+03,2.35218250061889e+01,1.79999999991262e+02
7.99779014307339e+03,2.35218250061880e+01,1.79999999991222e+02
8.03470626506443e+03,2.35218250061871e+01,1.79999999991182e+02
8.07179278413248e+03,2.35218250061861e+01,1.79999999991142e+02
8.10905048679470e+03,2.35218250061851e+01,1.79999999991101e+02
8.14648016319866e+03,2.35218250061842e+01,1.79999999991061e+02
8.18408260713909e+03,2.35218250061832e+01,1.79999999991020e+02
8.22185861607471e+03,2.35218250061822e+01,1.79999999990979e+02
8.25980899114513e+03,2.35218250061812e+01,1.79999999990938e+02
8.29793453718786e+03,2.35218250061802e+01,1.79999999990897e+02
8.33623606275537e+03,2.35218250061792e+01,1.79999999990855e+02
8.37471438013224e+03,2.35218250061782e+01,1.79999999990814e+02
8.41337030535239e+03,2.35218250061771e+01,1.79999999990772e+02
8.45220465821638e+03,2.35218250061761e+01,1.79999999990730e+02
8.49121826230878e+03,2.35218250061750e+01,1.79999999990687e+02
8.53041194501568e+03,2.35218250061740e+01,1.79999999990645e+02
8.56978653754219e+03,2.35218250061729e+01,1.79999999990602e+02
8.60934287493009e+03,2.35218250061718e+01,1.79999999990560e+02
8.64908179607557e+03,2.35218250061707e+01,1.79999999990517e+02
8.68900414374694e+03,2.35218250061696e+01,1.79999999990473e+02
8.72911076460258e+03,2.35218250061685e+01,1.79999999990430e+02
8.76940250920887e+03,2.35218250061674e+01,1.79999999990387e+02
8.80988023205821e+03,2.35218250061662e+01,1.79999999990343e+02
8.85054479158717e+03,2.35218250061651e+01,1.79999999990299e+02
8.89139705019468e+03,2.35218250061639e+01,1.79999999990255e+02
8.93243787426032e+03,2.35218250061628e+01,1.79999999990211e+02
8.97366813416270e+03,2.35218250061616e+01,1.79999999990166e+02
9.01508870429791e+03,2.35218250061604e+01,1.79999999990121e+02
9.05670046309808e+03,2.35218250061592e+01,1.79999999990076e+02
9.09850429304999e+03,2.35218250061580e+01,1.79999999990031e+02
9.14050108071378e+03,2.35218250061568e+01,1.79999999989986e+02
9.18269171674180e+03,2.35218250061555e+01,1.79999999989940e+02
9.22507709589744e+03,2.35218250061543e+01,1.79999999989895e+02
9.26765811707413e+03,2.35218250061530e+01,1.79999999989849e+02
9.31043568331441e+03,2.35218250061518e+01,1.79999999989803e+02
9.35341070182908e+03,2.35218250061505e+01,1.79999999989756e+02
9.39658408401642e+03,2.35218250061492e+01,1.79999999989710e+02
9.43995674548154e+03,2.35218250061479e+01,1.79999999989663e+02
9.48352960605581e+03,2.35218250061466e+01,1.79999999989616e+02
9.52730358981631e+03,2.35218250061453e+01,1.79999999989569e+02
9.57127962510551e+03,2.35218250061439e+01,1.79999999989522e+02
9.61545864455087e+03,2.35218250061426e+01,1.79999999989474e+02
9.65984158508470e+03,2.35218250061412e+01,1.79999999989427e+02
9.70442938796397e+03,2.35218250061399e+01,1.79999999989379e+02
9.74922299879031e+03,2.35218250061385e+01,1.79999999989330e+02
9.79422336753003e+03,2.35218250061371e+01,1.79999999989282e+02
9.83943144853431e+03,2.35218250061357e+01,1.79999999989233e+02
9.88484820055939e+03,2.35218250061342e+01,1.79999999989185e+02
9.93047458678694e+03,2.35218250061328e+01,1.79999999989136e+02
9.97631157484449e+03,2.35218250061314e+01,1.79999999989086e+02
1.00223601368259e+04,2.35218250061299e+01,1.79999999989037e+02
1.00686212493120e+04,2.35218250061284e+01,1.79999999988987e+02
1.01150958933914e+04,2.35218250061269e+01,1.79999999988937e+02
1.01617850546812e+04,2.35218250061254e+01,1.79999999988887e+02
1.02086897233477e+04,2.35218250061239e+01,1.79999999988837e+02
1.02558108941279e+04,2.35218250061224e+01,1.79999999988787e+02
1.03031495663501e+04,2.35218250061208e+01,1.79999999988736e+02
1.03507067439553e+04,2.35218250061193e+01,1.79999999988685e+02
1.03984834355186e+04,2.35218250061177e+01,1.79999999988634e+02
1.04464806542703e+04,2.35218250061161e+01,1.79999999988582e+02
1.04946994181177e+04,2.35218250061145e+01,1.79999999988531e+02
1.05431407496665e+04,2.35218250061129e+01,1.79999999988479e+02
1.05918056762426e+04,2.35218250061113e+01,1.79999999988427e+02
1.06406952299137e+04,2.35218250061096e+01,1.79999999988374e+02
1.06898104475113e+04,2.35218250061080e+01,1.79999999988322e+02
1.07391523706528e+04,2.35218250061063e+01,1.79999999988269e+02
1.07887220457634e+04,2.35218250061046e+01,1.79999999988216e+02
1.08385205240986e+04,2.35218250061029e+01,1.79999999988163e+02
1.08885488617659e+04,2.35218250061012e+01,1.79999999988109e+02
1.09388081197479e+04,2.35218250060995e+01,1.79999999988056e+02
1.09892993639242e+04,2.35218250060977e+01,1.79999999988002e+02
1.10400236650946e+04,2.35218250060959e+01,1.79999999987948e+02
1.10909820990012e+04,2.35218250060941e+01,1.79999999987893e+02
1.11421757463516e+04,2.35218250060923e+01,1.79999999987839e+02
1.11936056928418e+04,2.35218250060905e+01,1.79999999987784e+02
1.12452730291790e+04,2.35218250060887e+01,1.79999999987729e+02
1.12971788511050e+04,2.35218250060869e+01,1.79999999987674e+02
1.13493242594192e+04,2.35218250060850e+01,1.79999999987618e+02
1.14017103600022e+04,2.35218250060831e+01,1.79999999987562e+02
1.14543382638390e+04,2.35218250060812e+01,1.79999999987506e+02
1.15072090870427e+04,2.35218250060793e+01,1.79999999987450e+02
1.15603239508781e+04,2.35218250060774e+01,1.79999999987393e+02
1.16136839817857e+04,2.35218250060754e+01,1.79999999987337e+02
1.16672903114051e+04,2.35218250060734e+01,1.79999999987280e+02
1.17211440765997e+04,2.35218250060715e+01,1.79999999987222e+02
1.17752464194802e+04,2.35218250060694e+01,1.79999999987165e+02
1.18295984874289e+04,2.35218250060674e+01,1.79999999987107e+02
1.18842014331245e+04,2.35218250060654e+01,1.79999999987049e+02
1.19390564145660e+04,2.35218250060633e+01,1.79999999986991e+02
1.19941645950976e+04,2.35218250060612e+01,1.79999999986933e+02
1.20495271434331e+04,2.35218250060592e+01,1.79999999986874e+02
1.21051452336810e+04,2.35218250060570e+01,1.79999999986815e+02
1.21610200453692e+04,2.35218250060549e+01,1.79999999986756e+02
1.22171527634700e+04,2.35218250060528e+01,1.79999999986696e+02
1.22735445784253e+04,2.35218250060506e+01,1.79999999986637e+02
1.23301966861718e+04,2.35218250060484e+01,1.79999999986577e+02
1.23871102881666e+04,2.35218250060462e+01,1.79999999986516e+02
1.24442865914121e+04,2.35218250060439e+01,1.79999999986456e+02
1.25017268084823e+04,2.35218250060417e+01,1.79999999986395e+02
1.25594321575480e+04,2.35218250060394e+01,1.79999999986334e+02
1.26174038624030e+04,2.35218250060371e+01,1.79999999986273e+02
1.26756431524897e+04,2.35218250060348e+01,1.79999999986211e+02
1.27341512629254e+04,2.35218250060325e+01,1.79999999986150e+02
1.27929294345284e+04,2.35218250060301e+01,1.79999999986088e+02
1.28519789138445e+04,2.35218250060277e+01,1.79999999986025e+02
1.29113009531731e+04,2.35218250060254e+01,1.79999999985963e+02
1.29708968105942e+04,2.35218250060229e+01,1.79999999985900e+02
1.30307677499946e+04,2.35218250060205e+01,1.79999999985837e+02
1.30909150410951e+04,2.35218250060180e+01,1.79999999985774e+02
1.31513399594771e+04,2.35218250060155e+01,1.79999999985710e+02
1.32120437866099e+04,2.35218250060130e+01,1.79999999985646e+02
1.32730278098779e+04,2.35218250060105e+01,1.79999999985582e+02
1.33342933226076e+04,2.35218250060080e+01,1.79999999985518e+02
1.33958416240953e+04,2.35218250060054e+01,1.79999999985453e+02
1.34576740196347e+04,2.35218250060028e+01,1.79999999985388e+02
1.35197918205444e+04,2.35218250060002e+01,1.79999999985323e+02
1.35821963441956e+04,2.35218250059975e+01,1.79999999985258e+02
1.36448889140404e+04,2.35218250059949e+01,1.79999999985192e+02
1.37078708596396e+04,2.35218250059922e+01,1.79999999985126e+02
1.37711435166910e+04,2.35218250059894e+01,1.79999999985060e+02
1.38347082270577e+04,2.35218250059867e+01,1.79999999984993e+02
1.38985663387966e+04,2.35218250059839e+01,1.79999999984926e+02
1.39627192061869e+04,2.35218250059812e+01,1.79999999984859e+02
1.40271681897587e+04,2.35218250059783e+01,1.79999999984792e+02
1.40919146563224e+04,2.35218250059755e+01,1.79999999984724e+02
1.41569599789971e+04,2.35218250059726e+01,1.79999999984656e+02
1.42223055372398e+04,2.35218250059697e+01,1.79999999984588e+02
1.42879527168749e+04,2.35218250059668e+01,1.79999999984520e+02
1.43539029101236e+04,2.35218250059639e+01,1.79999999984451e+02
1.44201575156332e+04,2.35218250059609e+01,1.79999999984382e+02
1.44867179385068e+04,2.35218250059579e+01,1.79999999984312e+02
1.45535855903332e+04,2.35218250059549e+01,1.79999999984243e+02
1.46207618892169e+04,2.35218250059519e+01,1.79999999984173e+02
1.46882482598078e+04,2.35218250059488e+01,1.79999999984103e+02
1.47560461333321e+04,2.35218250059457e+01,1.79999999984032e+02
1.48241569476219e+04,2.35218250059426e+01,1.79999999983961e+02
1.48925821471461e+04,2.35218250059394e+01,1.79999999983890e+02
1.49613231830411e+04,2.35218250059362e+01,1.79999999983819e+02
1.50303815131414e+04,2.35218250059330e+01,1.79999999983748e+02
1.50997586020103e+04,2.35218250059298e+01,1.79999999983676e+02
1.51694559209716e+04,2.35218250059265e+01,1.79999999983603e+02
1.52394749481401e+04,2.35218250059232e+01,1.79999999983531e+02
1.53098171684536e+04,2.35218250059199e+01,1.79999999983458e+02
1.53804840737038e+04,2.35218250059165e+01,1.79999999983385e+02
1.54514771625682e+04,2.35218250059131e+01,1.79999999983312e+02
1.55227979406420e+04,2.35218250059097e+01,1.79999999983238e+02
1.55944479204699e+04,2.35218250059062e+01,1.79999999983164e+02
1.56664286215781e+04,2.35218250059028e+01,1.79999999983090e+02
1.57387415705068e+04,2.35218250058993e+01,1.79999999983015e+02
1.58113883008421e+04,2.35218250058957e+01,1.79999999982941e+02
1.58843703532491e+04,2.35218250058921e+01,1.79999999982865e+02
1.59576892755040e+04,2.35218250058885e+01,1.79999999982790e+02
1.60313466225276e+04,2.35218250058849e+01,1.79999999982714e+02
1.61053439564174e+04,2.35218250058812e+01,1.79999999982638e+02
1.61796828464816e+04,2.35218250058775e+01,1.79999999982562e+02
1.62543648692720e+04,2.35218250058738e+01,1.79999999982485e+02
1.63293916086170e+04,2.35218250058700e+01,1.79999999982408e+02
1.64047646556562e+04,2.35218250058662e+01,1.79999999982331e+02
1.64804856088731e+04,2.35218250058624e+01,1.79999999982254e+02
1.65565560741298e+04,2.35218250058585e+01,1.79999999982176e+02
1.66329776647005e+04,2.35218250058546e+01,1.79999999982098e+02
1.67097520013060e+04,2.35218250058507e+01,1.79999999982019e+02
1.67868807121480e+04,2.35218250058467e+01,1.79999999981940e+02
1.68643654329437e+04,2.35218250058427e+01,1.79999999981861e+02
1.69422078069604e+04,2.35218250058387e+01,1.79999999981782e+02
1.70204094850503e+04,2.35218250058346e+01,1.79999999981702e+02
1.70989721256857e+04,2.35218250058305e+01,1.79999999981622e+02
1.71778973949940e+04,2.35218250058264e+01,1.79999999981542e+02
1.72571869667931e+04,2.35218250058222e+01,1.79999999981462e+02
1.73368425226268e+04,2.35218250058180e+01,1.79999999981381e+02
1.74168657518009e+04,2.35218250058137e+01,1.79999999981299e+02
1.74972583514181e+04,2.35218250058094e+01,1.79999999981218e+02
1.75780220264152e+04,2.35218250058051e+01,1.79999999981136e+02
1.76591584895981e+04,2.35218250058007e+01,1.79999999981054e+02
1.77406694616791e+04,2.35218250057963e+01,1.79999999980971e+02
1.78225566713125e+04,2.35218250057919e+01,1.79999999980889e+02
1.79048218551321e+04,2.35218250057874e+01,1.79999999980806e+02
1.79874667577874e+04,2.35218250057829e+01,1.79999999980722e+02
1.80704931319810e+04,2.35218250057783e+01,1.79999999980638e+02
1.81539027385054e+04,2.35218250057737e+01,1.79999999980554e+02
1.82376973462807e+04,2.35218250057691e+01,1.79999999980470e+02
1.83218787323920e+04,2.35218250057644e+01,1.79999999980385e+02
1.84064486821269e+04,2.35218250057597e+01,1.79999999980300e+02
1.84914089890136e+04,2.35218250057549e+01,1.79999999980215e+02
1.85767614548589e+04,2.35218250057501e+01,1.79999999980129e+02
1.86625078897863e+04,2.35218250057452e+01,1.79999999980043e+02
1.87486501122745e+04,2.35218250057404e+01,1.79999999979957e+02
1.88351899491958e+04,2.35218250057354e+01,1.79999999979870e+02
1.89221292358550e+04,2.35218250057305e+01,1.79999999979784e+02
1.90094698160284e+04,2.35218250057254e+01,1.79999999979696e+02
1.90972135420026e+04,2.35218250057204e+01,1.79999999979609e+02
1.91853622746143e+04,2.35218250057153e+01,1.79999999979521e+02
1.92739178832889e+04,2.35218250057101e+01,1.79999999979433e+02
1.93628822460812e+04,2.35218250057049e+01,1.79999999979344e+02
1.94522572497144e+04,2.35218250056997e+01,1.79999999979255e+02
1.95420447896204e+04,2.35218250056944e+01,1.79999999979166e+02
1.96322467699803e+04,2.35218250056891e+01,1.79999999979077e+02
1.97228651037643e+04,2.35218250056837e+01,1.79999999978987e+02
1.98139017127723e+04,2.35218250056783e+01,1.79999999978897e+02
1.99053585276752e+04,2.35218250056728e+01,1.79999999978806e+02
1.99972374880552e+04,2.35218250056673e+01,1.79999999978715e+02
2.00895405424474e+04,2.35218250056618e+01,1.79999999978624e+02
2.01822696483806e+04,2.35218250056562e+01,1.79999999978533e+02
2.02754267724196e+04,2.35218250056505e+01,1.79999999978441e+02
2.03690138902060e+04,2.35218250056448e+01,1.79999999978349e+02
2.04630329865009e+04,2.35218250056390e+01,1.79999999978256e+02
2.05574860552265e+04,2.35218250056332e+01,1.79999999978164e+02
2.06523750995084e+04,2.35218250056274e+01,1.79999999978071e+02
2.07477021317185e+04,2.35218250056215e+01,1.79999999977977e+02
2.08434691735172e+04,2.35218250056155e+01,1.79999999977883e+02
2.09396782558963e+04,2.35218250056095e+01,1.79999999977789e+02
2.10363314192226e+04,2.35218250056035e+01,1.79999999977695e+02
2.11334307132805e+04,2.35218250055974e+01,1.79999999977600e+02
2.12309781973160e+04,2.35218250055912e+01,1.79999999977505e+02
2.13289759400800e+04,2.35218250055850e+01,1.79999999977410e+02
2.14274260198724e+04,2.35218250055787e+01,1.79999999977314e+02
2.15263305245859e+04,2.35218250055724e+01,1.79999999977218e+02
2.16256915517508e+04,2.35218250055661e+01,1.79999999977122e+02
2.17255112085790e+04,2.35218250055596e+01,1.79999999977025e+02
2.18257916120087e+04,2.35218250055531e+01,1.79999999976928e+02
2.19265348887497e+04,2.35218250055466e+01,1.79999999976831e+02
2.20277431753281e+04,2.35218250055400e+01,1.79999999976733e+02
2.21294186181318e+04,2.35218250055334e+01,1.79999999976635e+02
2.22315633734559e+04,2.35218250055267e+01,1.79999999976536e+02
2.23341796075486e+04,2.35218250055199e+01,1.79999999976438e+02
2.24372694966570e+04,2.35218250055131e+01,1.79999999976339e+02
2.25408352270734e+04,2.35218250055062e+01,1.79999999976239e+02
2.26448789951815e+04,2.35218250054993e+01,1.79999999976140e+02
2.27494030075029e+04,2.35218250054923e+01,1.79999999976040e+02
2.28544094807442e+04,2.35218250054853e+01,1.79999999975939e+02
2.29599006418439e+04,2.35218250054782e+01,1.79999999975839e+02
2.30658787280194e+04,2.35218250054710e+01,1.79999999975738e+02
2.31723459868149e+04,2.35218250054638e+01,1.79999999975636e+02
2.32793046761484e+04,2.35218250054565e+01,1.79999999975535e+02
2.33867570643604e+04,2.35218250054492e+01,1.79999999975433e+02
2.34947054302612e+04,2.35218250054418e+01,1.79999999975330e+02
2.36031520631800e+04,2.35218250054343e+01,1.79999999975228e+02
2.37120992630127e+04,2.35218250054268e+01,1.79999999975125e+02
2.38215493402713e+04,2.35218250054192e+01,1.79999999975022e+02
2.39315046161324e+04,2.35218250054115e+01,1.79999999974918e+02
2.40419674224869e+04,2.35218250054038e+01,1.79999999974814e+02
2.41529401019891e+04,2.35218250053960e+01,1.79999999974710e+02
2.42644250081065e+04,2.35218250053882e+01,1.79999999974605e+02
2.43764245051698e+04,2.35218250053802e+01,1.79999999974500e+02
2.44889409684228e+04,2.35218250053723e+01,1.79999999974395e+02
2.46019767840731e+04,2.35218250053642e+01,1.79999999974289e+02
2.47155343493423e+04,2.35218250053561e+01,1.79999999974183e+02
2.48296160725173e+04,2.35218250053479e+01,1.79999999974077e+02
2.49442243730011e+04,2.35218250053397e+01,1.79999999973971e+02
2.50593616813641e+04,2.35218250053314e+01,1.79999999973864e+02
2.51750304393958e+04,2.35218250053230e+01,1.79999999973757e+02
2.52912331001562e+04,2.35218250053145e+01,1.79999999973649e+02
2.54079721280286e+04,2.35218250053060e+01,1.79999999973541e+02
2.55252499987709e+04,2.35218250052974e+01,1.79999999973433e+02
2.56430691995688e+04,2.35218250052888e+01,1.79999999973325e+02
2.57614322290884e+04,2.35218250052800e+01,1.79999999973216e+02
2.58803415975289e+04,2.35218250052712e+01,1.79999999973107e+02
2.59997998266764e+04,2.35218250052624e+01,1.79999999972997e+02
2.61198094499565e+04,2.35218250052534e+01,1.79999999972888e+02
2.62403730124892e+04,2.35218250052444e+01,1.79999999972778e+02
2.63614930711417e+04,2.35218250052353e+01,1.79999999972667e+02
2.64831721945835e+04,2.35218250052261e+01,1.79999999972556e+02
2.66054129633403e+04,2.35218250052169e+01,1.79999999972445e+02
2.67282179698492e+04,2.35218250052076e+01,1.79999999972334e+02
2.68515898185132e+04,2.35218250051982e+01,1.79999999972222e+02
2.69755311257570e+04,2.35218250051887e+01,1.79999999972111e+02
2.71000445200818e+04,2.35218250051792e+01,1.79999999971998e+02
2.72251326421217e+04,2.35218250051695e+01,1.79999999971886e+02
2.73507981446992e+04,2.35218250051598e+01,1.79999999971773e+02
2.74770436928818e+04,2.35218250051501e+01,1.79999999971660e+02
2.76038719640385e+04,2.35218250051402e+01,1.79999999971546e+02
2.77312856478961e+04,2.35218250051303e+01,1.79999999971432e+02
2.78592874465971e+04,2.35218250051203e+01,1.79999999971318e+02
2.79878800747561e+04,2.35218250051102e+01,1.79999999971204e+02
2.81170662595181e+04,2.35218250051000e+01,1.79999999971089e+02
2.82468487406158e+04,2.35218250050897e+01,1.79999999970974e+02
2.83772302704280e+04,2.35218250050794e+01,1.79999999970859e+02
2.85082136140380e+04,2.35218250050690e+01,1.79999999970743e+02
2.86398015492921e+04,2.35218250050585e+01,1.79999999970628e+02
2.87719968668585e+04,2.35218250050479e+01,1.79999999970511e+02
2.89048023702866e+04,2.35218250050372e+01,1.79999999970395e+02
2.90382208760663e+04,2.35218250050265e+01,1.79999999970278e+02
2.91722552136879e+04,2.35218250050156e+01,1.79999999970161e+02
2.93069082257021e+04,2.35218250050047e+01,1.79999999970044e+02
2.94421827677801e+04,2.35218250049937e+01,1.79999999969926e+02
2.95780817087744e+04,2.35218250049826e+01,1.79999999969808e+02
2.97146079307793e+04,2.35218250049714e+01,1.79999999969690e+02
2.98517643291925e+04,2.35218250049602e+01,1.79999999969572e+02
2.99895538127762e+04,2.35218250049488e+01,1.79999999969453e+02
3.01279793037186e+04,2.35218250049373e+01,1.79999999969334e+02
3.02670437376964e+04,2.35218250049258e+01,1.79999999969215e+02
3.04067500639366e+04,2.35218250049142e+01,1.79999999969095e+02
3.05471012452793e+04,2.35218250049025e+01,1.79999999968975e+02
3.06881002582404e+04,2.35218250048907e+01,1.79999999968855e+02
3.08297500930748e+04,2.35218250048787e+01,1.79999999968735e+02
3.09720537538398e+04,2.35218250048668e+01,1.79999999968614e+02
3.11150142584587e+04,2.35218250048547e+01,1.79999999968493e+02
3.12586346387850e+04,2.35218250048425e+01,1.79999999968372e+02
3.14029179406666e+04,2.35218250048302e+01,1.79999999968251e+02
3.15478672240104e+04,2.35218250048179e+01,1.79999999968129e+02
3.16934855628471e+04,2.35218250048054e+01,1.79999999968007e+02
3.18397760453966e+04,2.35218250047928e+01,1.79999999967885e+02
3.19867417741332e+04,2.35218250047802e+01,1.79999999967762e+02
3.21343858658518e+04,2.35218250047674e+01,1.79999999967640e+02
3.22827114517336e+04,2.35218250047546e+01,1.79999999967517e+02
3.24317216774127e+04,2.35218250047416e+01,1.79999999967393e+02
3.25814197030429e+04,2.35218250047286e+01,1.79999999967270e+02
3.27318087033645e+04,2.35218250047155e+01,1.79999999967146e+02
3.28828918677718e+04,2.35218250047022e+01,1.79999999967022e+02
3.30346724003806e+04,2.35218250046889e+01,1.79999999966898e+02
3.31871535200963e+04,2.35218250046754e+01,1.79999999966774e+02
3.33403384606819e+04,2.35218250046619e+01,1.79999999966649e+02
3.34942304708272e+04,2.35218250046482e+01,1.79999999966525e+02
3.36488328142167e+04,2.35218250046345e+01,1.79999999966400e+02
3.38041487695999e+04,2.35218250046207e+01,1.79999999966274e+02
3.39601816308601e+04,2.35218250046067e+01,1.79999999966149e+02
3.41169347070843e+04,2.35218250045926e+01,1.79999999966023e+02
3.42744113226339e+04,2.35218250045785e+01,1.79999999965897e+02
3.44326148172147e+04,2.35218250045642e+01,1.79999999965771e+02
3.45915485459477e+04,2.35218250045499e+01,1.79999999965645e+02
3.47512158794407e+04,2.35218250045354e+01,1.79999999965518e+02
3.49116202038595e+04,2.35218250045208e+01,1.79999999965392e+02
3.50727649209995e+04,2.35218250045061e+01,1.79999999965265e+02
3.52346534483583e+04,2.35218250044913e+01,1.79999999965138e+02
3.53972892192078e+04,2.35218250044764e+01,1.79999999965010e+02
3.55606756826674e+04,2.35218250044614e+01,1.79999999964883e+02
3.57248163037766e+04,2.35218250044462e+01,1.79999999964755e+02
3.58897145635690e+04,2.35218250044310e+01,1.79999999964627e+02
3.60553739591459e+04,2.35218250044157e+01,1.79999999964499e+02
3.62217980037504e+04,2.35218250044002e+01,1.79999999964371e+02
3.63889902268421e+04,2.35218250043846e+01,1.79999999964243e+02
3.65569541741718e+04,2.35218250043689e+01,1.79999999964114e+02
3.67256934078567e+04,2.35218250043532e+01,1.79999999963986e+02
3.68952115064560e+04,2.35218250043372e+01,1.79999999963857e+02
3.70655120650468e+04,2.35218250043212e+01,1.79999999963728e+02
3.72365986953004e+04,2.35218250043051e+01,1.79999999963599e+02
3.74084750255587e+04,2.35218250042888e+01,1.79999999963469e+02
3.75811447009113e+04,2.35218250042725e+01,1.79999999963340e+02
3.77546113832727e+04,2.35218250042560e+01,1.79999999963210e+02
3.79288787514602e+04,2.35218250042394e+01,1.79999999963081e+02
3.81039505012716e+04,2.35218250042227e+01,1.79999999962951e+02
3.82798303455638e+04,2.35218250042058e+01,1.79999999962821e+02
3.84565220143315e+04,2.35218250041889e+01,1.79999999962691e+02
3.86340292547861e+04,2.35218250041718e+01,1.79999999962561e+02
3.88123558314356e+04,2.35218250041546e+01,1.79999999962430e+02
3.89915055261640e+04,2.35218250041373e+01,1.79999999962300e+02
3.91714821383117e+04,2.35218250041199e+01,1.79999999962169e+02
3.93522894847560e+04,2.35218250041023e+01,1.79999999962039e+02
3.95339313999923e+04,2.35218250040847e+01,1.79999999961908e+02
3.97164117362152e+04,2.35218250040669e+01,1.79999999961777e+02
3.98997343633999e+04,2.35218250040489e+01,1.79999999961646e+02
4.00839031693850e+04,2.35218250040309e+01,1.79999999961515e+02
4.02689220599544e+04,2.35218250040127e+01,1.79999999961384e+02
4.04547949589202e+04,2.35218250039945e+01,1.79999999961253e+02
4.06415258082061e+04,2.35218250039760e+01,1.79999999961122e+02
4.08291185679307e+04,2.35218250039575e+01,1.79999999960991e+02
4.10175772164920e+04,2.35218250039389e+01,1.79999999960860e+02
4.12069057506512e+04,2.35218250039201e+01,1.79999999960728e+02
4.13971081856178e+04,2.35218250039011e+01,1.79999999960597e+02
4.15881885551347e+04,2.35218250038821e+01,1.79999999960465e+02
4.17801509115635e+04,2.35218250038629e+01,1.79999999960334e+02
4.19729993259710e+04,2.35218250038437e+01,1.79999999960203e+02
4.21667378882149e+04,2.35218250038242e+01,1.79999999960071e+02
4.23613707070310e+04,2.35218250038047e+01,1.79999999959940e+02
4.25569019101200e+04,2.35218250037850e+01,1.79999999959808e+02
4.27533356442354e+04,2.35218250037652e+01,1.79999999959676e+02
4.29506760752710e+04,2.35218250037453e+01,1.79999999959545e+02
4.31489273883497e+04,2.35218250037252e+01,1.79999999959413e+02
4.33480937879120e+04,2.35218250037050e+01,1.79999999959282e+02
4.35481794978052e+04,2.35218250036847e+01,1.79999999959150e+02
4.37491887613730e+04,2.35218250036642e+01,1.79999999959019e+02
4.39511258415455e+04,2.35218250036436e+01,1.79999999958887e+02
4.41539950209294e+04,2.35218250036229e+01,1.79999999958756e+02
4.43578006018993e+04,2.35218250036020e+01,1.79999999958624e+02
4.45625469066885e+04,2.35218250035810e+01,1.79999999958493e+02
4.47682382774810e+04,2.35218250035599e+01,1.79999999958362e+02
4.49748790765030e+04,2.35218250035387e+01,1.79999999958230e+02
4.51824736861164e+04,2.35218250035173e+01,1.79999999958099e+02
4.53910265089106e+04,2.35218250034957e+01,1.79999999957968e+02
4.56005419677968e+04,2.35218250034741e+01,1.79999999957837e+02
4.58110245061013e+04,2.35218250034523e+01,1.79999999957706e+02
4.60224785876599e+04,2.35218250034304e+01,1.79999999957575e+02
4.62349086969124e+04,2.35218250034083e+01,1.79999999957444e+02
4.64483193389981e+04,2.35218250033861e+01,1.79999999957314e+02
4.66627150398509e+04,2.35218250033638e+01,1.79999999957183e+02
4.68781003462954e+04,2.35218250033413e+01,1.79999999957052e+02
4.70944798261434e+04,2.35218250033187e+01,1.79999999956922e+02
4.73118580682910e+04,2.35218250032959e+01,1.79999999956792e+02
4.75302396828155e+04,2.35218250032730e+01,1.79999999956662e+02
4.77496293010732e+04,2.35218250032500e+01,1.79999999956532e+02
4.79700315757980e+04,2.35218250032268e+01,1.79999999956402e+02
4.81914511811999e+04,2.35218250032035e+01,1.79999999956272e+02
4.84138928130639e+04,2.35218250031801e+01,1.79999999956143e+02
4.86373611888497e+04,2.35218250031565e+01,1.79999999956013e+02
4.88618610477920e+04,2.35218250031328e+01,1.79999999955884e+02
4.90873971510007e+04,2.35218250031090e+01,1.79999999955755e+02
4.93139742815620e+04,2.35218250030850e+01,1.79999999955626e+02
4.95415972446398e+04,2.35218250030608e+01,1.79999999955498e+02
4.97702708675778e+04,2.35218250030366e+01,1.79999999955369e+02
5.00000000000015e+04,2.35218250030121e+01,1.79999999955241e+02
5.02307895139213e+04,2.35218250029876e+01,1.79999999955113e+02
5.04626443038357e+04,2.35218250029629e+01,1.79999999954985e+02
5.06955692868355e+04,2.35218250029380e+01,1.79999999954858e+02
5.09295694027074e+04,2.35218250029131e+01,1.79999999954730e+02
5.11646496140392e+04,2.35218250028879e+01,1.79999999954603e+02
5.14008149063252e+04,2.35218250028627e+01,1.79999999954477e+02
5.16380702880714e+04,2.35218250028373e+01,1.79999999954350e+02
5.18764207909022e+04,2.35218250028118e+01,1.79999999954224e+02
5.21158714696668e+04,2.35218250027861e+01,1.79999999954098e+02
5.23564274025466e+04,2.35218250027602e+01,1.79999999953972e+02
5.25980936911628e+04,2.35218250027343e+01,1.79999999953847e+02
5.28408754606845e+04,2.35218250027082e+01,1.79999999953721e+02
5.30847778599379e+04,2.35218250026819e+01,1.79999999953597e+02
5.33298060615145e+04,2.35218250026555e+01,1.79999999953472e+02
5.35759652618820e+04,2.35218250026290e+01,1.79999999953348e+02
5.38232606814934e+04,2.35218250026023e+01,1.79999999953224e+02
5.40716975648986e+04,2.35218250025755e+01,1.79999999953101e+02
5.43212811808550e+04,2.35218250025486e+01,1.79999999952977e+02
5.45720168224395e+04,2.35218250025215e+01,1.79999999952855e+02
5.48239098071610e+04,2.35218250024942e+01,1.79999999952732e+02
5.50769654770725e+04,2.35218250024669e+01,1.79999999952610e+02
5.53311891988851e+04,2.35218250024393e+01,1.79999999952488e+02
5.55865863640813e+04,2.35218250024117e+01,1.79999999952367e+02
5.58431623890298e+04,2.35218250023839e+01,1.79999999952246e+02
5.61009227151000e+04,2.35218250023559e+01,1.79999999952126e+02
5.63598728087773e+04,2.35218250023278e+01,1.79999999952005e+02
5.66200181617797e+04,2.35218250022996e+01,1.79999999951886e+02
5.68813642911734e+04,2.35218250022712e+01,1.79999999951766e+02
5.71439167394904e+04,2.35218250022427e+01,1.79999999951648e+02
5.74076810748460e+04,2.35218250022141e+01,1.79999999951529e+02
5.76726628910565e+04,2.35218250021853e+01,1.79999999951411e+02
5.79388678077582e+04,2.35218250021564e+01,1.79999999951294e+02
5.82063014705264e+04,2.35218250021273e+01,1.79999999951177e+02
5.84749695509954e+04,2.35218250020981e+01,1.79999999951060e+02
5.87448777469784e+04,2.35218250020688e+01,1.79999999950944e+02
5.90160317825884e+04,2.35218250020393e+01,1.79999999950829e+02
5.92884374083599e+04,2.35218250020097e+01,1.79999999950714e+02
5.95621004013707e+04,2.35218250019799e+01,1.79999999950599e+02
5.98370265653641e+04,2.35218250019500e+01,1.79999999950485e+02
6.01132217308726e+04,2.35218250019200e+01,1.79999999950372e+02
6.03906917553410e+04,2.35218250018898e+01,1.79999999950259e+02
6.06694425232508e+04,2.35218250018595e+01,1.79999999950146e+02
6.09494799462453e+04,2.35218250018290e+01,1.79999999950034e+02
6.12308099632544e+04,2.35218250017985e+01,1.79999999949923e+02
6.15134385406211e+04,2.35218250017677e+01,1.79999999949812e+02
6.17973716722276e+04,2.35218250017369e+01,1.79999999949702e+02
6.20826153796226e+04,2.35218250017059e+01,1.79999999949593e+02
6.23691757121492e+04,2.35218250016748e+01,1.79999999949484e+02
6.26570587470729e+04,2.35218250016435e+01,1.79999999949375e+02
6.29462705897104e+04,2.35218250016121e+01,1.79999999949268e+02
6.32368173735597e+04,2.35218250015806e+01,1.79999999949160e+02
6.35287052604292e+04,2.35218250015489e+01,1.79999999949054e+02
6.38219404405693e+04,2.35218250015171e+01,1.79999999948948e+02
6.41165291328032e+04,2.35218250014852e+01,1.79999999948843e+02
6.44124775846589e+04,2.35218250014532e+01,1.79999999948738e+02
6.47097920725015e+04,2.35218250014210e+01,1.79999999948634e+02
6.50084789016667e+04,2.35218250013886e+01,1.79999999948531e+02
6.53085444065943e+04,2.35218250013562e+01,1.79999999948429e+02
6.56099949509624e+04,2.35218250013236e+01,1.79999999948327e+02
6.59128369278226e+04,2.35218250012909e+01,1.79999999948226e+02
6.62170767597355e+04,2.35218250012581e+01,1.79999999948125e+02
6.65227208989068e+04,2.35218250012251e+01,1.79999999948025e+02
6.68297758273244e+04,2.35218250011921e+01,1.79999999947926e+02
6.71382480568955e+04,2.35218250011589e+01,1.79999999947828e+02
6.74481441295850e+04,2.35218250011255e+01,1.79999999947731e+02
6.77594706175541e+04,2.35218250010921e+01,1.79999999947634e+02
6.80722341232998e+04,2.35218250010585e+01,1.79999999947538e+02
6.83864412797948e+04,2.35218250010248e+01,1.79999999947442e+02
6.87020987506281e+04,2.35218250009909e+01,1.79999999947348e+02
6.90192132301466e+04,2.35218250009570e+01,1.79999999947254e+02
6.93377914435968e+04,2.35218250009229e+01,1.79999999947161e+02
6.96578401472675e+04,2.35218250008887e+01,1.79999999947069e+02
6.99793661286333e+04,2.35218250008544e+01,1.79999999946978e+02
7.03023762064981e+04,2.35218250008200e+01,1.79999999946887e+02
7.06268772311402e+04,2.35218250007855e+01,1.79999999946798e+02
7.09528760844571e+04,2.35218250007508e+01,1.79999999946709e+02
7.12803796801119e+04,2.35218250007160e+01,1.79999999946621e+02
7.16093949636797e+04,2.35218250006811e+01,1.79999999946534e+02
7.19399289127948e+04,2.35218250006461e+01,1.79999999946447e+02
7.22719885372989e+04,2.35218250006110e+01,1.79999999946362e+02
7.26055808793896e+04,2.35218250005758e+01,1.79999999946277e+02
7.29407130137700e+04,2.35218250005405e+01,1.79999999946193e+02
7.32773920477981e+04,2.35218250005050e+01,1.79999999946111e+02
7.36156251216385e+04,2.35218250004695e+01,1.79999999946029e+02
7.39554194084130e+04,2.35218250004338e+01,1.79999999945948e+02
7.42967821143530e+04,2.35218250003980e+01,1.79999999945867e+02
7.46397204789524e+04,2.35218250003622e+01,1.79999999945788e+02
7.49842417751213e+04,2.35218250003262e+01,1.79999999945710e+02
7.53303533093398e+04,2.35218250002901e+01,1.79999999945632e+02
7.56780624218131e+04,2.35218250002539e+01,1.79999999945556e+02
7.60273764866275e+04,2.35218250002176e+01,1.79999999945480e+02
7.63783029119063e+04,2.35218250001813e+01,1.79999999945406e+02
7.67308491399674e+04,2.35218250001448e+01,1.79999999945332e+02
7.70850226474807e+04,2.35218250001082e+01,1.79999999945260e+02
7.74408309456268e+04,2.35218250000715e+01,1.79999999945188e+02
7.77982815802565e+04,2.35218250000347e+01,1.79999999945117e+02
7.81573821320505e+04,2.35218249999979e+01,1.79999999945048e+02
7.85181402166804e+04,2.35218249999609e+01,1.79999999944979e+02
7.88805634849703e+04,2.35218249999238e+01,1.79999999944911e+02
7.92446596230585e+04,2.35218249998867e+01,1.79999999944845e+02
7.96104363525614e+04,2.35218249998495e+01,1.79999999944779e+02
7.99779014307363e+04,2.35218249998121e+01,1.79999999944714e+02
8.03470626506468e+04,2.35218249997747e+01,1.79999999944651e+02
8.07179278413272e+04,2.35218249997372e+01,1.79999999944588e+02
8.10905048679495e+04,2.35218249996997e+01,1.79999999944526e+02
8.14648016319891e+04,2.35218249996620e+01,1.79999999944466e+02
8.18408260713934e+04,2.35218249996243e+01,1.79999999944406e+02
8.22185861607496e+04,2.35218249995864e+01,1.79999999944348e+02
8.25980899114538e+04,2.35218249995485e+01,1.79999999944290e+02
8.29793453718811e+04,2.35218249995105e+01,1.79999999944234e+02
8.33623606275562e+04,2.35218249994725e+01,1.79999999944179e+02
8.37471438013250e+04,2.35218249994344e+01,1.79999999944125e+02
8.41337030535265e+04,2.35218249993962e+01,1.79999999944072e+02
8.45220465821663e+04,2.35218249993579e+01,1.79999999944020e+02
8.49121826230904e+04,2.35218249993195e+01,1.79999999943969e+02
8.53041194501593e+04,2.35218249992811e+01,1.79999999943919e+02
8.56978653754244e+04,2.35218249992426e+01,1.79999999943870e+02
8.60934287493036e+04,2.35218249992041e+01,1.79999999943823e+02
8.64908179607583e+04,2.35218249991655e+01,1.79999999943776e+02
8.68900414374720e+04,2.35218249991268e+01,1.79999999943731e+02
8.72911076460285e+04,2.35218249990880e+01,1.79999999943687e+02
8.76940250920913e+04,2.35218249990492e+01,1.79999999943644e+02
8.80988023205848e+04,2.35218249990104e+01,1.79999999943602e+02
8.85054479158744e+04,2.35218249989715e+01,1.79999999943561e+02
8.89139705019495e+04,2.35218249989325e+01,1.79999999943521e+02
8.93243787426059e+04,2.35218249988935e+01,1.79999999943483e+02
8.97366813416297e+04,2.35218249988544e+01,1.79999999943445e+02
9.01508870429818e+04,2.35218249988153e+01,1.79999999943409e+02
9.05670046309835e+04,2.35218249987761e+01,1.79999999943374e+02
9.09850429305026e+04,2.35218249987368e+01,1.79999999943340e+02
9.14050108071406e+04,2.35218249986976e+01,1.79999999943307e+02
9.18269171674208e+04,2.35218249986583e+01,1.79999999943275e+02
9.22507709589772e+04,2.35218249986189e+01,1.79999999943245e+02
9.26765811707441e+04,2.35218249985795e+01,1.79999999943216e+02
9.31043568331469e+04,2.35218249985400e+01,1.79999999943188e+02
9.35341070182936e+04,2.35218249985006e+01,1.79999999943161e+02
9.39658408401670e+04,2.35218249984610e+01,1.79999999943135e+02
9.43995674548183e+04,2.35218249984215e+01,1.79999999943111e+02
9.48352960605610e+04,2.35218249983819e+01,1.79999999943087e+02
9.52730358981660e+04,2.35218249983423e+01,1.79999999943065e+02
9.57127962510580e+04,2.35218249983026e+01,1.79999999943044e+02
9.61545864455116e+04,2.35218249982630e+01,1.79999999943024e+02
9.65984158508499e+04,2.35218249982232e+01,1.79999999943006e+02
9.70442938796427e+04,2.35218249981835e+01,1.79999999942988e+02
9.74922299879061e+04,2.35218249981438e+01,1.79999999942972e+02
9.79422336753033e+04,2.35218249981040e+01,1.79999999942957e+02
9.83943144853461e+04,2.35218249980642e+01,1.79999999942943e+02
9.88484820055969e+04,2.35218249980244e+01,1.79999999942931e+02
9.93047458678725e+04,2.35218249979845e+01,1.79999999942919e+02
9.97631157484479e+04,2.35218249979447e+01,1.79999999942909e+02
1.00223601368262e+05,2.35218249979048e+01,1.79999999942900e+02
1.00686212493123e+05,2.35218249978650e+01,1.79999999942893e+02
1.01150958933918e+05,2.35218249978251e+01,1.79999999942886e+02
1.01617850546815e+05,2.35218249977852e+01,1.79999999942881e+02
1.02086897233481e+05,2.35218249977453e+01,1.79999999942877e+02
1.02558108941282e+05,2.35218249977054e+01,1.79999999942874e+02
1.03031495663504e+05,2.35218249976655e+01,1.79999999942872e+02
1.03507067439556e+05,2.35218249976256e+01,1.79999999942872e+02
1.03984834355189e+05,2.35218249975857e+01,1.79999999942872e+02
1.04464806542706e+05,2.35218249975458e+01,1.79999999942874e+02
1.04946994181180e+05,2.35218249975059e+01,1.79999999942878e+02
1.05431407496669e+05,2.35218249974660e+01,1.79999999942882e+02
1.05918056762429e+05,2.35218249974261e+01,1.79999999942888e+02
1.06406952299140e+05,2.35218249973862e+01,1.79999999942894e+02
1.06898104475116e+05,2.35218249973463e+01,1.79999999942902e+02
1.07391523706531e+05,2.35218249973065e+01,1.79999999942912e+02
1.07887220457638e+05,2.35218249972666e+01,1.79999999942922e+02
1.08385205240989e+05,2.35218249972268e+01,1.79999999942934e+02
1.08885488617662e+05,2.35218249971870e+01,1.79999999942947e+02
1.09388081197482e+05,2.35218249971472e+01,1.79999999942961e+02
1.09892993639246e+05,2.35218249971074e+01,1.79999999942976e+02
1.10400236650949e+05,2.35218249970676e+01,1.79999999942992e+02
1.10909820990015e+05,2.35218249970279e+01,1.79999999943010e+02
1.11421757463520e+05,2.35218249969882e+01,1.79999999943029e+02
1.11936056928422e+05,2.35218249969485e+01,1.79999999943049e+02
1.12452730291794e+05,2.35218249969089e+01,1.79999999943070e+02
1.12971788511053e+05,2.35218249968692e+01,1.79999999943093e+02
1.13493242594196e+05,2.35218249968297e+01,1.79999999943116e+02
1.14017103600026e+05,2.35218249967901e+01,1.79999999943141e+02
1.14543382638393e+05,2.35218249967506e+01,1.79999999943167e+02
1.15072090870430e+05,2.35218249967111e+01,1.79999999943195e+02
1.15603239508784e+05,2.35218249966717e+01,1.79999999943223e+02
1.16136839817860e+05,2.35218249966322e+01,1.79999999943252e+02
1.16672903114055e+05,2.35218249965929e+01,1.79999999943283e+02
1.17211440766001e+05,2.35218249965536e+01,1.79999999943315e+02
1.17752464194805e+05,2.35218249965143e+01,1.79999999943348e+02
1.18295984874293e+05,2.35218249964751e+01,1.79999999943382e+02
1.18842014331249e+05,2.35218249964359e+01,1.79999999943418e+02
1.19390564145664e+05,2.35218249963967e+01,1.79999999943454e+02
1.19941645950979e+05,2.35218249963577e+01,1.79999999943492e+02
1.20495271434335e+05,2.35218249963186e+01,1.79999999943531e+02
1.21051452336814e+05,2.35218249962797e+01,1.79999999943571e+02
1.21610200453696e+05,2.35218249962407e+01,1.79999999943612e+02
1.22171527634704e+05,2.35218249962019e+01,1.79999999943654e+02
1.22735445784257e+05,2.35218249961631e+01,1.79999999943698e+02
1.23301966861722e+05,2.35218249961243e+01,1.79999999943742e+02
1.23871102881669e+05,2.35218249960857e+01,1.79999999943788e+02
1.24442865914125e+05,2.35218249960470e+01,1.79999999943835e+02
1.25017268084827e+05,2.35218249960085e+01,1.79999999943883e+02
1.25594321575484e+05,2.35218249959700e+01,1.79999999943932e+02
1.26174038624034e+05,2.35218249959316e+01,1.79999999943982e+02
1.26756431524901e+05,2.35218249958932e+01,1.79999999944033e+02
1.27341512629257e+05,2.35218249958550e+01,1.79999999944085e+02
1.27929294345288e+05,2.35218249958167e+01,1.79999999944139e+02
1.28519789138449e+05,2.35218249957786e+01,1.79999999944193e+02
1.29113009531735e+05,2.35218249957406e+01,1.79999999944249e+02
1.29708968105946e+05,2.35218249957026e+01,1.79999999944305e+02
1.30307677499950e+05,2.35218249956647e+01,1.79999999944363e+02
1.30909150410955e+05,2.35218249956268e+01,1.79999999944422e+02
1.31513399594775e+05,2.35218249955891e+01,1.79999999944481e+02
1.32120437866103e+05,2.35218249955514e+01,1.79999999944542e+02
1.32730278098783e+05,2.35218249955138e+01,1.79999999944604e+02
1.33342933226080e+05,2.35218249954763e+01,1.79999999944667e+02
1.33958416240957e+05,2.35218249954389e+01,1.79999999944731e+02
1.34576740196352e+05,2.35218249954016e+01,1.79999999944796e+02
1.35197918205448e+05,2.35218249953644e+01,1.79999999944862e+02
1.35821963441960e+05,2.35218249953272e+01,1.79999999944929e+02
1.36448889140408e+05,2.35218249952902e+01,1.79999999944997e+02
1.37078708596400e+05,2.35218249952532e+01,1.79999999945066e+02
1.37711435166914e+05,2.35218249952163e+01,1.79999999945136e+02
1.38347082270582e+05,2.35218249951796e+01,1.79999999945207e+02
1.38985663387970e+05,2.35218249951429e+01,1.79999999945279e+02
1.39627192061873e+05,2.35218249951063e+01,1.79999999945352e+02
1.40271681897592e+05,2.35218249950698e+01,1.79999999945426e+02
1.40919146563229e+05,2.35218249950334e+01,1.79999999945501e+02
1.41569599789975e+05,2.35218249949971e+01,1.79999999945577e+02
1.42223055372402e+05,2.35218249949609e+01,1.79999999945654e+02
1.42879527168754e+05,2.35218249949249e+01,1.79999999945731e+02
1.43539029101241e+05,2.35218249948889e+01,1.79999999945810e+02
1.44201575156337e+05,2.35218249948530e+01,1.79999999945889e+02
1.44867179385073e+05,2.35218249948172e+01,1.79999999945970e+02
1.45535855903337e+05,2.35218249947816e+01,1.79999999946051e+02
1.46207618892173e+05,2.35218249947460e+01,1.79999999946134e+02
1.46882482598083e+05,2.35218249947105e+01,1.79999999946217e+02
1.47560461333326e+05,2.35218249946752e+01,1.79999999946301e+02
1.48241569476224e+05,2.35218249946400e+01,1.79999999946386e+02
1.48925821471466e+05,2.35218249946049e+01,1.79999999946472e+02
1.49613231830416e+05,2.35218249945699e+01,1.79999999946558e+02
1.50303815131418e+05,2.35218249945350e+01,1.79999999946646e+02
1.50997586020108e+05,2.35218249945002e+01,1.79999999946734e+02
1.51694559209720e+05,2.35218249944655e+01,1.79999999946823e+02
1.52394749481406e+05,2.35218249944310e+01,1.79999999946913e+02
1.53098171684541e+05,2.35218249943966e+01,1.79999999947004e+02
1.53804840737042e+05,2.35218249943622e+01,1.79999999947096e+02
1.54514771625686e+05,2.35218249943281e+01,1.79999999947188e+02
1.55227979406425e+05,2.35218249942940e+01,1.79999999947282e+02
1.55944479204704e+05,2.35218249942600e+01,1.79999999947376e+02
1.56664286215786e+05,2.35218249942262e+01,1.79999999947471e+02
1.57387415705073e+05,2.35218249941925e+01,1.79999999947566e+02
1.58113883008426e+05,2.35218249941589e+01,1.79999999947663e+02
1.58843703532496e+05,2.35218249941255e+01,1.79999999947760e+02
1.59576892755045e+05,2.35218249940921e+01,1.79999999947858e+02
1.60313466225281e+05,2.35218249940589e+01,1.79999999947956e+02
1.61053439564179e+05,2.35218249940258e+01,1.79999999948056e+02
1.61796828464821e+05,2.35218249939929e+01,1.79999999948156e+02
1.62543648692725e+05,2.35218249939600e+01,1.79999999948256e+02
1.63293916086175e+05,2.35218249939273e+01,1.79999999948358e+02
1.64047646556567e+05,2.35218249938947e+01,1.79999999948460e+02
1.64804856088736e+05,2.35218249938623e+01,1.79999999948563e+02
1.65565560741303e+05,2.35218249938300e+01,1.79999999948667e+02
1.66329776647010e+05,2.35218249937978e+01,1.79999999948771e+02
1.67097520013065e+05,2.35218249937657e+01,1.79999999948876e+02
1.67868807121485e+05,2.35218249937338e+01,1.79999999948981e+02
1.68643654329442e+05,2.35218249937020e+01,1.79999999949088e+02
1.69422078069609e+05,2.35218249936703e+01,1.79999999949194e+02
1.70204094850508e+05,2.35218249936388e+01,1.79999999949302e+02
1.70989721256862e+05,2.35218249936074e+01,1.79999999949410e+02
1.71778973949945e+05,2.35218249935761e+01,1.79999999949519e+02
1.72571869667936e+05,2.35218249935450e+01,1.79999999949628e+02
1.73368425226274e+05,2.35218249935140e+01,1.79999999949738e+02
1.74168657518014e+05,2.35218249934832e+01,1.79999999949849e+02
1.74972583514187e+05,2.35218249934524e+01,1.79999999949960e+02
1.75780220264157e+05,2.35218249934219e+01,1.79999999950071e+02
1.76591584895987e+05,2.35218249933914e+01,1.79999999950184e+02
1.77406694616796e+05,2.35218249933611e+01,1.79999999950296e+02
1.78225566713130e+05,2.35218249933309e+01,1.79999999950410e+02
1.79048218551326e+05,2.35218249933009e+01,1.79999999950524e+02
1.79874667577880e+05,2.35218249932710e+01,1.79999999950638e+02
1.80704931319815e+05,2.35218249932412e+01,1.79999999950753e+02
1.81539027385059e+05,2.35218249932116e+01,1.79999999950868e+02
1.82376973462813e+05,2.35218249931821e+01,1.79999999950984e+02
1.83218787323925e+05,2.35218249931527e+01,1.79999999951101e+02
1.84064486821274e+05,2.35218249931235e+01,1.79999999951218e+02
1.84914089890142e+05,2.35218249930945e+01,1.79999999951335e+02
1.85767614548595e+05,2.35218249930655e+01,1.79999999951453e+02
1.86625078897869e+05,2.35218249930368e+01,1.79999999951571e+02
1.87486501122751e+05,2.35218249930081e+01,1.79999999951690e+02
1.88351899491963e+05,2.35218249929796e+01,1.79999999951809e+02
1.89221292358556e+05,2.35218249929512e+01,1.79999999951929e+02
1.90094698160290e+05,2.35218249929230e+01,1.79999999952049e+02
1.90972135420032e+05,2.35218249928949e+01,1.79999999952169e+02
1.91853622746149e+05,2.35218249928670e+01,1.79999999952290e+02
1.92739178832895e+05,2.35218249928392e+01,1.79999999952412e+02
1.93628822460818e+05,2.35218249928115e+01,1.79999999952533e+02
1.94522572497150e+05,2.35218249927840e+01,1.79999999952655e+02
1.95420447896210e+05,2.35218249927566e+01,1.79999999952778e+02
1.96322467699809e+05,2.35218249927293e+01,1.79999999952901e+02
1.97228651037649e+05,2.35218249927022e+01,1.79999999953024e+02
1.98139017127729e+05,2.35218249926753e+01,1.79999999953148e+02
1.99053585276758e+05,2.35218249926485e+01,1.79999999953271e+02
1.99972374880558e+05,2.35218249926218e+01,1.79999999953396e+02
2.00895405424480e+05,2.35218249925953e+01,1.79999999953520e+02
2.01822696483812e+05,2.35218249925689e+01,1.79999999953645e+02
2.02754267724202e+05,2.35218249925426e+01,1.79999999953770e+02
2.03690138902066e+05,2.35218249925165e+01,1.79999999953896e+02
2.04630329865015e+05,2.35218249924906e+01,1.79999999954022e+02
2.05574860552271e+05,2.35218249924647e+01,1.79999999954148e+02
2.06523750995091e+05,2.35218249924390e+01,1.79999999954274e+02
2.07477021317192e+05,2.35218249924135e+01,1.79999999954401e+02
2.08434691735178e+05,2.35218249923881e+01,1.79999999954528e+02
2.09396782558969e+05,2.35218249923628e+01,1.79999999954655e+02
2.10363314192232e+05,2.35218249923377e+01,1.79999999954783e+02
2.11334307132812e+05,2.35218249923127e+01,1.79999999954911e+02
2.12309781973167e+05,2.35218249922879e+01,1.79999999955039e+02
2.13289759400807e+05,2.35218249922632e+01,1.79999999955167e+02
2.14274260198730e+05,2.35218249922386e+01,1.79999999955295e+02
2.15263305245866e+05,2.35218249922142e+01,1.79999999955424e+02
2.16256915517515e+05,2.35218249921899e+01,1.79999999955553e+02
2.17255112085797e+05,2.35218249921658e+01,1.79999999955682e+02
2.18257916120094e+05,2.35218249921418e+01,1.79999999955811e+02
2.19265348887504e+05,2.35218249921179e+01,1.79999999955940e+02
2.20277431753288e+05,2.35218249920942e+01,1.79999999956070e+02
2.21294186181324e+05,2.35218249920706e+01,1.79999999956200e+02
2.22315633734565e+05,2.35218249920472e+01,1.79999999956330e+02
2.23341796075493e+05,2.35218249920239e+01,1.79999999956460e+02
2.24372694966577e+05,2.35218249920007e+01,1.79999999956590e+02
2.25408352270741e+05,2.35218249919777e+01,1.79999999956721e+02
2.26448789951822e+05,2.35218249919548e+01,1.79999999956851e+02
2.27494030075036e+05,2.35218249919321e+01,1.79999999956982e+02
2.28544094807449e+05,2.35218249919095e+01,1.79999999957113e+02
2.29599006418446e+05,2.35218249918870e+01,1.79999999957244e+02
2.30658787280201e+05,2.35218249918646e+01,1.79999999957375e+02
2.31723459868156e+05,2.35218249918424e+01,1.79999999957506e+02
2.32793046761491e+05,2.35218249918204e+01,1.79999999957637e+02
2.33867570643611e+05,2.35218249917984e+01,1.79999999957769e+02
2.34947054302620e+05,2.35218249917766e+01,1.79999999957900e+02
2.36031520631807e+05,2.35218249917550e+01,1.79999999958032e+02
2.37120992630134e+05,2.35218249917335e+01,1.79999999958163e+02
2.38215493402720e+05,2.35218249917121e+01,1.79999999958295e+02
2.39315046161331e+05,2.35218249916908e+01,1.79999999958427e+02
2.40419674224877e+05,2.35218249916697e+01,1.79999999958558e+02
2.41529401019899e+05,2.35218249916487e+01,1.79999999958690e+02
2.42644250081073e+05,2.35218249916278e+01,1.79999999958822e+02
2.43764245051706e+05,2.35218249916071e+01,1.79999999958954e+02
2.44889409684236e+05,2.35218249915865e+01,1.79999999959086e+02
2.46019767840738e+05,2.35218249915661e+01,1.79999999959218e+02
2.47155343493430e+05,2.35218249915457e+01,1.79999999959350e+02
2.48296160725181e+05,2.35218249915255e+01,1.79999999959482e+02
2.49442243730019e+05,2.35218249915055e+01,1.79999999959614e+02
2.50593616813649e+05,2.35218249914855e+01,1.79999999959746e+02
2.51750304393965e+05,2.35218249914657e+01,1.79999999959878e+02
2.52912331001570e+05,2.35218249914460e+01,1.79999999960010e+02
2.54079721280293e+05,2.35218249914265e+01,1.79999999960142e+02
2.55252499987716e+05,2.35218249914071e+01,1.79999999960274e+02
2.56430691995696e+05,2.35218249913878e+01,1.79999999960406e+02
2.57614322290892e+05,2.35218249913686e+01,1.79999999960538e+02
2.58803415975297e+05,2.35218249913496e+01,1.79999999960670e+02
2.59997998266771e+05,2.35218249913307e+01,1.79999999960802e+02
2.61198094499573e+05,2.35218249913119e+01,1.79999999960934e+02
2.62403730124900e+05,2.35218249912932e+01,1.79999999961066e+02
2.63614930711425e+05,2.35218249912747e+01,1.79999999961197e+02
2.64831721945843e+05,2.35218249912563e+01,1.79999999961329e+02
2.66054129633411e+05,2.35218249912380e+01,1.79999999961461e+02
2.67282179698500e+05,2.35218249912198e+01,1.79999999961592e+02
2.68515898185140e+05,2.35218249912018e+01,1.79999999961724e+02
2.69755311257578e+05,2.35218249911839e+01,1.79999999961855e+02
2.71000445200826e+05,2.35218249911661e+01,1.79999999961986e+02
2.72251326421225e+05,2.35218249911484e+01,1.79999999962117e+02
2.73507981447000e+05,2.35218249911308e+01,1.79999999962249e+02
2.74770436928827e+05,2.35218249911134e+01,1.79999999962380e+02
2.76038719640393e+05,2.35218249910961e+01,1.79999999962511e+02
2.77312856478970e+05,2.35218249910789e+01,1.79999999962641e+02
2.78592874465980e+05,2.35218249910619e+01,1.79999999962772e+02
2.79878800747570e+05,2.35218249910449e+01,1.79999999962903e+02
2.81170662595189e+05,2.35218249910281e+01,1.79999999963033e+02
2.82468487406166e+05,2.35218249910113e+01,1.79999999963164e+02
2.83772302704289e+05,2.35218249909948e+01,1.79999999963294e+02
2.85082136140389e+05,2.35218249909783e+01,1.79999999963424e+02
2.86398015492930e+05,2.35218249909619e+01,1.79999999963554e+02
2.87719968668594e+05,2.35218249909457e+01,1.79999999963684e+02
2.89048023702874e+05,2.35218249909295e+01,1.79999999963813e+02
2.90382208760672e+05,2.35218249909135e+01,1.79999999963943e+02
2.91722552136888e+05,2.35218249908976e+01,1.79999999964072e+02
2.93069082257030e+05,2.35218249908818e+01,1.79999999964202e+02
2.94421827677810e+05,2.35218249908661e+01,1.79999999964331e+02
2.95780817087753e+05,2.35218249908506e+01,1.79999999964459e+02
2.97146079307802e+05,2.35218249908351e+01,1.79999999964588e+02
2.98517643291935e+05,2.35218249908198e+01,1.79999999964717e+02
2.99895538127771e+05,2.35218249908045e+01,1.79999999964845e+02
3.01279793037195e+05,2.35218249907894e+01,1.79999999964973e+02
3.02670437376973e+05,2.35218249907744e+01,1.79999999965101e+02
3.04067500639375e+05,2.35218249907595e+01,1.79999999965229e+02
3.05471012452803e+05,2.35218249907447e+01,1.79999999965357e+02
3.06881002582414e+05,2.35218249907300e+01,1.79999999965484e+02
3.08297500930758e+05,2.35218249907154e+01,1.79999999965612e+02
3.09720537538407e+05,2.35218249907009e+01,1.79999999965739e+02
3.11150142584597e+05,2.35218249906866e+01,1.79999999965866e+02
3.12586346387860e+05,2.35218249906723e+01,1.79999999965992e+02
3.14029179406676e+05,2.35218249906581e+01,1.79999999966119e+02
3.15478672240114e+05,2.35218249906441e+01,1.79999999966245e+02
3.16934855628481e+05,2.35218249906301e+01,1.79999999966371e+02
3.18397760453975e+05,2.35218249906163e+01,1.79999999966497e+02
3.19867417741341e+05,2.35218249906026e+01,1.79999999966623e+02
3.21343858658527e+05,2.35218249905889e+01,1.79999999966748e+02
3.22827114517345e+05,2.35218249905754e+01,1.79999999966873e+02
3.24317216774137e+05,2.35218249905619e+01,1.79999999966998e+02
3.25814197030439e+05,2.35218249905486e+01,1.79999999967123e+02
3.27318087033655e+05,2.35218249905354e+01,1.79999999967248e+02
3.28828918677728e+05,2.35218249905222e+01,1.79999999967372e+02
3.30346724003816e+05,2.35218249905092e+01,1.79999999967496e+02
3.31871535200973e+05,2.35218249904963e+01,1.79999999967620e+02
3.33403384606829e+05,2.35218249904834e+01,1.79999999967743e+02
3.34942304708282e+05,2.35218249904707e+01,1.79999999967867e+02
3.36488328142177e+05,2.35218249904580e+01,1.79999999967990e+02
3.38041487696009e+05,2.35218249904455e+01,1.79999999968112e+02
3.39601816308611e+05,2.35218249904330e+01,1.79999999968235e+02
3.41169347070854e+05,2.35218249904206e+01,1.79999999968357e+02
3.42744113226350e+05,2.35218249904084e+01,1.79999999968479e+02
3.44326148172157e+05,2.35218249903962e+01,1.79999999968601e+02
3.45915485459487e+05,2.35218249903841e+01,1.79999999968723e+02
3.47512158794418e+05,2.35218249903721e+01,1.79999999968844e+02
3.49116202038605e+05,2.35218249903603e+01,1.79999999968965e+02
3.50727649210005e+05,2.35218249903484e+01,1.79999999969086e+02
3.52346534483593e+05,2.35218249903367e+01,1.79999999969206e+02
3.53972892192089e+05,2.35218249903251e+01,1.79999999969326e+02
3.55606756826684e+05,2.35218249903136e+01,1.79999999969446e+02
3.57248163037777e+05,2.35218249903021e+01,1.79999999969566e+02
3.58897145635701e+05,2.35218249902908e+01,1.79999999969685e+02
3.60553739591470e+05,2.35218249902795e+01,1.79999999969804e+02
3.62217980037515e+05,2.35218249902683e+01,1.79999999969923e+02
3.63889902268432e+05,2.35218249902573e+01,1.79999999970042e+02
3.65569541741729e+05,2.35218249902463e+01,1.79999999970160e+02
3.67256934078578e+05,2.35218249902353e+01,1.79999999970278e+02
3.68952115064571e+05,2.35218249902245e+01,1.79999999970396e+02
3.70655120650480e+05,2.35218249902138e+01,1.79999999970513e+02
3.72365986953015e+05,2.35218249902031e+01,1.79999999970630e+02
3.74084750255598e+05,2.35218249901925e+01,1.79999999970747e+02
3.75811447009124e+05,2.35218249901820e+01,1.79999999970864e+02
3.77546113832738e+05,2.35218249901716e+01,1.79999999970980e+02
3.79288787514613e+05,2.35218249901613e+01,1.79999999971096e+02
3.81039505012728e+05,2.35218249901510e+01,1.79999999971212e+02
3.82798303455650e+05,2.35218249901409e+01,1.79999999971327e+02
3.84565220143327e+05,2.35218249901308e+01,1.79999999971442e+02
3.86340292547873e+05,2.35218249901208e+01,1.79999999971557e+02
3.88123558314368e+05,2.35218249901109e+01,1.79999999971671e+02
3.89915055261652e+05,2.35218249901010e+01,1.79999999971786e+02
3.91714821383128e+05,2.35218249900912e+01,1.79999999971899e+02
3.93522894847572e+05,2.35218249900815e+01,1.79999999972013e+02
3.95339313999935e+05,2.35218249900719e+01,1.79999999972126e+02
3.97164117362163e+05,2.35218249900624e+01,1.79999999972239e+02
3.98997343634011e+05,2.35218249900529e+01,1.79999999972352e+02
4.00839031693863e+05,2.35218249900436e+01,1.79999999972464e+02
4.02689220599556e+05,2.35218249900343e+01,1.79999999972576e+02
4.04547949589214e+05,2.35218249900250e+01,1.79999999972688e+02
4.06415258082073e+05,2.35218249900159e+01,1.79999999972799e+02
4.08291185679320e+05,2.35218249900068e+01,1.79999999972911e+02
4.10175772164933e+05,2.35218249899978e+01,1.79999999973021e+02
4.12069057506525e+05,2.35218249899888e+01,1.79999999973132e+02
4.13971081856191e+05,2.35218249899800e+01,1.79999999973242e+02
4.15881885551360e+05,2.35218249899712e+01,1.79999999973352e+02
4.17801509115648e+05,2.35218249899625e+01,1.79999999973461e+02
4.19729993259723e+05,2.35218249899538e+01,1.79999999973571e+02
4.21667378882162e+05,2.35218249899452e+01,1.79999999973679e+02
4.23613707070323e+05,2.35218249899367e+01,1.79999999973788e+02
4.25569019101213e+05,2.35218249899283e+01,1.79999999973896e+02
4.27533356442367e+05,2.35218249899199e+01,1.79999999974004e+02
4.29506760752723e+05,2.35218249899116e+01,1.79999999974112e+02
4.31489273883510e+05,2.35218249899034e+01,1.79999999974219e+02
4.33480937879134e+05,2.35218249898952e+01,1.79999999974326e+02
4.35481794978066e+05,2.35218249898871e+01,1.79999999974433e+02
4.37491887613744e+05,2.35218249898791e+01,1.79999999974539e+02
4.39511258415468e+05,2.35218249898711e+01,1.79999999974645e+02
4.41539950209307e+05,2.35218249898632e+01,1.79999999974751e+02
4.43578006019006e+05,2.35218249898554e+01,1.79999999974856e+02
4.45625469066899e+05,2.35218249898476e+01,1.79999999974961e+02
4.47682382774823e+05,2.35218249898399e+01,1.79999999975066e+02
4.49748790765044e+05,2.35218249898322e+01,1.79999999975171e+02
4.51824736861177e+05,2.35218249898247e+01,1.79999999975275e+02
4.53910265089120e+05,2.35218249898171e+01,1.79999999975378e+02
4.56005419677982e+05,2.35218249898097e+01,1.79999999975482e+02
4.58110245061027e+05,2.35218249898023e+01,1.79999999975585e+02
4.60224785876613e+05,2.35218249897950e+01,1.79999999975688e+02
4.62349086969139e+05,2.35218249897877e+01,1.79999999975790e+02
4.64483193389996e+05,2.35218249897805e+01,1.79999999975892e+02
4.66627150398523e+05,2.35218249897733e+01,1.79999999975994e+02
4.68781003462968e+05,2.35218249897662e+01,1.79999999976096e+02
4.70944798261449e+05,2.35218249897592e+01,1.79999999976197e+02
4.73118580682924e+05,2.35218249897522e+01,1.79999999976298e+02
4.75302396828169e+05,2.35218249897453e+01,1.79999999976398e+02
4.77496293010746e+05,2.35218249897385e+01,1.79999999976498e+02
4.79700315757995e+05,2.35218249897317e+01,1.79999999976598e+02
4.81914511812014e+05,2.35218249897249e+01,1.79999999976698e+02
4.84138928130653e+05,2.35218249897183e+01,1.79999999976797e+02
4.86373611888512e+05,2.35218249897116e+01,1.79999999976896e+02
4.88618610477934e+05,2.35218249897051e+01,1.79999999976994e+02
4.90873971510021e+05,2.35218249896985e+01,1.79999999977092e+02
4.93139742815635e+05,2.35218249896921e+01,1.79999999977190e+02
4.95415972446413e+05,2.35218249896857e+01,1.79999999977288e+02
4.97702708675793e+05,2.35218249896793e+01,1.79999999977385e+02
5.00000000000030e+05,2.35218249896730e+01,1.79999999977482e+02
5.02307895139228e+05,2.35218249896668e+01,1.79999999977579e+02
5.04626443038372e+05,2.35218249896606e+01,1.79999999977675e+02
5.06955692868370e+05,2.35218249896544e+01,1.79999999977771e+02
5.09295694027089e+05,2.35218249896484e+01,1.79999999977866e+02
5.11646496140408e+05,2.35218249896423e+01,1.79999999977962e+02
5.14008149063268e+05,2.35218249896363e+01,1.79999999978057e+02
5.16380702880730e+05,2.35218249896304e+01,1.79999999978151e+02
5.18764207909038e+05,2.35218249896245e+01,1.79999999978246e+02
5.21158714696684e+05,2.35218249896187e+01,1.79999999978340e+02
5.23564274025481e+05,2.35218249896129e+01,1.79999999978433e+02
5.25980936911643e+05,2.35218249896072e+01,1.79999999978527e+02
5.28408754606861e+05,2.35218249896015e+01,1.79999999978620e+02
5.30847778599394e+05,2.35218249895958e+01,1.79999999978712e+02
5.33298060615161e+05,2.35218249895903e+01,1.79999999978805e+02
5.35759652618836e+05,2.35218249895847e+01,1.79999999978897e+02
5.38232606814950e+05,2.35218249895792e+01,1.79999999978988e+02
5.40716975649002e+05,2.35218249895738e+01,1.79999999979080e+02
5.43212811808566e+05,2.35218249895684e+01,1.79999999979171e+02
5.45720168224412e+05,2.35218249895630e+01,1.79999999979262e+02
5.48239098071626e+05,2.35218249895577e+01,1.79999999979352e+02
5.50769654770741e+05,2.35218249895525e+01,1.79999999979442e+02
5.53311891988867e+05,2.35218249895472e+01,1.79999999979532e+02
5.55865863640830e+05,2.35218249895421e+01,1.79999999979621e+02
5.58431623890315e+05,2.35218249895370e+01,1.79999999979711e+02
5.61009227151016e+05,2.35218249895319e+01,1.79999999979799e+02
5.63598728087790e+05,2.35218249895268e+01,1.79999999979888e+02
5.66200181617814e+05,2.35218249895218e+01,1.79999999979976e+02
5.68813642911751e+05,2.35218249895169e+01,1.79999999980064e+02
5.71439167394921e+05,2.35218249895120e+01,1.79999999980152e+02
5.74076810748477e+05,2.35218249895071e+01,1.79999999980239e+02
5.76726628910582e+05,2.35218249895023e+01,1.79999999980326e+02
5.79388678077599e+05,2.35218249894975e+01,1.79999999980412e+02
5.82063014705282e+05,2.35218249894928e+01,1.79999999980499e+02
5.84749695509972e+05,2.35218249894881e+01,1.79999999980585e+02
5.87448777469801e+05,2.35218249894834e+01,1.79999999980670e+02
5.90160317825902e+05,2.35218249894788e+01,1.79999999980756e+02
5.92884374083617e+05,2.35218249894742e+01,1.79999999980841e+02
5.95621004013725e+05,2.35218249894697e+01,1.79999999980926e+02
5.98370265653659e+05,2.35218249894652e+01,1.79999999981010e+02
6.01132217308744e+05,2.35218249894607e+01,1.79999999981094e+02
6.03906917553428e+05,2.35218249894563e+01,1.79999999981178e+02
6.06694425232527e+05,2.35218249894520e+01,1.79999999981261e+02
6.09494799462472e+05,2.35218249894476e+01,1.79999999981345e+02
6.12308099632563e+05,2.35218249894433e+01,1.79999999981427e+02
6.15134385406230e+05,2.35218249894390e+01,1.79999999981510e+02
6.17973716722294e+05,2.35218249894348e+01,1.79999999981592e+02
6.20826153796245e+05,2.35218249894306e+01,1.79999999981674e+02
6.23691757121511e+05,2.35218249894265e+01,1.79999999981756e+02
6.26570587470748e+05,2.35218249894223e+01,1.79999999981837e+02
6.29462705897124e+05,2.35218249894183e+01,1.79999999981918e+02
6.32368173735616e+05,2.35218249894142e+01,1.79999999981999e+02
6.35287052604311e+05,2.35218249894102e+01,1.79999999982079e+02
6.38219404405713e+05,2.35218249894062e+01,1.79999999982160e+02
6.41165291328052e+05,2.35218249894023e+01,1.79999999982239e+02
6.44124775846608e+05,2.35218249893984e+01,1.79999999982319e+02
6.47097920725034e+05,2.35218249893945e+01,1.79999999982398e+02
6.50084789016687e+05,2.35218249893907e+01,1.79999999982477e+02
6.53085444065963e+05,2.35218249893869e+01,1.79999999982556e+02
6.56099949509644e+05,2.35218249893831e+01,1.79999999982634e+02
6.59128369278246e+05,2.35218249893794e+01,1.79999999982712e+02
6.62170767597375e+05,2.35218249893757e+01,1.79999999982790e+02
6.65227208989088e+05,2.35218249893720e+01,1.79999999982867e+02
6.68297758273264e+05,2.35218249893684e+01,1.79999999982944e+02
6.71382480568975e+05,2.35218249893648e+01,1.79999999983021e+02
6.74481441295870e+05,2.35218249893612e+01,1.79999999983098e+02
6.77594706175562e+05,2.35218249893577e+01,1.79999999983174e+02
6.80722341233019e+05,2.35218249893542e+01,1.79999999983250e+02
6.83864412797969e+05,2.35218249893507e+01,1.79999999983326e+02
6.87020987506302e+05,2.35218249893473e+01,1.79999999983401e+02
6.90192132301487e+05,2.35218249893438e+01,1.79999999983476e+02
6.93377914435989e+05,2.35218249893405e+01,1.79999999983551e+02
6.96578401472697e+05,2.35218249893371e+01,1.79999999983625e+02
6.99793661286355e+05,2.35218249893338e+01,1.79999999983700e+02
7.03023762065003e+05,2.35218249893305e+01,1.79999999983774e+02
7.06268772311423e+05,2.35218249893272e+01,1.79999999983847e+02
7.09528760844593e+05,2.35218249893240e+01,1.79999999983921e+02
7.12803796801141e+05,2.35218249893208e+01,1.79999999983994e+02
7.16093949636819e+05,2.35218249893176e+01,1.79999999984066e+02
7.19399289127970e+05,2.35218249893145e+01,1.79999999984139e+02
7.22719885373011e+05,2.35218249893114e+01,1.79999999984211e+02
7.26055808793919e+05,2.35218249893083e+01,1.79999999984283e+02
7.29407130137722e+05,2.35218249893052e+01,1.79999999984355e+02
7.32773920478004e+05,2.35218249893022e+01,1.79999999984426e+02
7.36156251216408e+05,2.35218249892992e+01,1.79999999984497e+02
7.39554194084153e+05,2.35218249892962e+01,1.79999999984568e+02
7.42967821143553e+05,2.35218249892932e+01,1.79999999984639e+02
7.46397204789548e+05,2.35218249892903e+01,1.79999999984709e+02
7.49842417751237e+05,2.35218249892874e+01,1.79999999984779e+02
7.53303533093421e+05,2.35218249892845e+01,1.79999999984849e+02
7.56780624218154e+05,2.35218249892817e+01,1.79999999984918e+02
7.60273764866299e+05,2.35218249892789e+01,1.79999999984987e+02
7.63783029119087e+05,2.35218249892761e+01,1.79999999985056e+02
7.67308491399698e+05,2.35218249892733e+01,1.79999999985125e+02
7.70850226474831e+05,2.35218249892705e+01,1.79999999985193e+02
7.74408309456293e+05,2.35218249892678e+01,1.79999999985261e+02
7.77982815802589e+05,2.35218249892651e+01,1.79999999985329e+02
7.81573821320530e+05,2.35218249892625e+01,1.79999999985397e+02
7.85181402166829e+05,2.35218249892598e+01,1.79999999985464e+02
7.88805634849728e+05,2.35218249892572e+01,1.79999999985531e+02
7.92446596230610e+05,2.35218249892546e+01,1.79999999985598e+02
7.96104363525639e+05,2.35218249892520e+01,1.79999999985664e+02
7.99779014307389e+05,2.35218249892495e+01,1.79999999985730e+02
8.03470626506493e+05,2.35218249892469e+01,1.79999999985796e+02
8.07179278413298e+05,2.35218249892444e+01,1.79999999985862e+02
8.10905048679520e+05,2.35218249892420e+01,1.79999999985927e+02
8.14648016319917e+05,2.35218249892395e+01,1.79999999985993e+02
8.18408260713960e+05,2.35218249892371e+01,1.79999999986057e+02
8.22185861607522e+05,2.35218249892347e+01,1.79999999986122e+02
8.25980899114564e+05,2.35218249892323e+01,1.79999999986186e+02
8.29793453718837e+05,2.35218249892299e+01,1.79999999986251e+02
8.33623606275588e+05,2.35218249892275e+01,1.79999999986314e+02
8.37471438013276e+05,2.35218249892252e+01,1.79999999986378e+02
8.41337030535291e+05,2.35218249892229e+01,1.79999999986441e+02
8.45220465821690e+05,2.35218249892206e+01,1.79999999986505e+02
8.49121826230931e+05,2.35218249892184e+01,1.79999999986567e+02
8.53041194501620e+05,2.35218249892161e+01,1.79999999986630e+02
8.56978653754272e+05,2.35218249892139e+01,1.79999999986692e+02
8.60934287493063e+05,2.35218249892117e+01,1.79999999986755e+02
8.64908179607610e+05,2.35218249892096e+01,1.79999999986816e+02
8.68900414374748e+05,2.35218249892074e+01,1.79999999986878e+02
8.72911076460312e+05,2.35218249892053e+01,1.79999999986939e+02
8.76940250920941e+05,2.35218249892031e+01,1.79999999987000e+02
8.80988023205876e+05,2.35218249892011e+01,1.79999999987061e+02
8.85054479158772e+05,2.35218249891990e+01,1.79999999987122e+02
8.89139705019523e+05,2.35218249891969e+01,1.79999999987182e+02
8.93243787426087e+05,2.35218249891949e+01,1.79999999987242e+02
8.97366813416326e+05,2.35218249891929e+01,1.79999999987302e+02
9.01508870429847e+05,2.35218249891909e+01,1.79999999987362e+02
9.05670046309864e+05,2.35218249891889e+01,1.79999999987421e+02
9.09850429305055e+05,2.35218249891869e+01,1.79999999987481e+02
9.14050108071435e+05,2.35218249891850e+01,1.79999999987540e+02
9.18269171674237e+05,2.35218249891831e+01,1.79999999987598e+02
9.22507709589801e+05,2.35218249891812e+01,1.79999999987657e+02
9.26765811707470e+05,2.35218249891793e+01,1.79999999987715e+02
9.31043568331499e+05,2.35218249891774e+01,1.79999999987773e+02
9.35341070182966e+05,2.35218249891755e+01,1.79999999987831e+02
9.39658408401700e+05,2.35218249891737e+01,1.79999999987888e+02
9.43995674548213e+05,2.35218249891719e+01,1.79999999987945e+02
9.48352960605640e+05,2.35218249891701e+01,1.79999999988002e+02
9.52730358981690e+05,2.35218249891683e+01,1.79999999988059e+02
9.57127962510610e+05,2.35218249891666e+01,1.79999999988116e+02
9.61545864455147e+05,2.35218249891648e+01,1.79999999988172e+02
9.65984158508530e+05,2.35218249891631e+01,1.79999999988228e+02
9.70442938796457e+05,2.35218249891614e+01,1.79999999988284e+02
9.74922299879091e+05,2.35218249891597e+01,1.79999999988340e+02
9.79422336753064e+05,2.35218249891580e+01,1.79999999988395e+02
9.83943144853492e+05,2.35218249891563e+01,1.79999999988451e+02
9.88484820056000e+05,2.35218249891547e+01,1.79999999988506e+02
9.93047458678756e+05,2.35218249891530e+01,1.79999999988560e+02
9.97631157484510e+05,2.35218249891514e+01,1.79999999988615e+02
1.00223601368265e+06,2.35218249891498e+01,1.79999999988669e+02
1.00686212493127e+06,2.35218249891482e+01,1.79999999988723e+02
1.01150958933921e+06,2.35218249891467e+01,1.79999999988777e+02
1.01617850546818e+06,2.35218249891451e+01,1.79999999988831e+02
1.02086897233484e+06,2.35218249891436e+01,1.79999999988884e+02
1.02558108941286e+06,2.35218249891421e+01,1.79999999988938e+02
1.03031495663507e+06,2.35218249891405e+01,1.79999999988991e+02
1.03507067439559e+06,2.35218249891391e+01,1.79999999989043e+02
1.03984834355192e+06,2.35218249891376e+01,1.79999999989096e+02
1.04464806542709e+06,2.35218249891361e+01,1.79999999989148e+02
1.04946994181184e+06,2.35218249891347e+01,1.79999999989201e+02
1.05431407496672e+06,2.35218249891332e+01,1.79999999989253e+02
1.05918056762433e+06,2.35218249891318e+01,1.79999999989304e+02
1.06406952299143e+06,2.35218249891304e+01,1.79999999989356e+02
1.06898104475119e+06,2.35218249891290e+01,1.79999999989407e+02
1.07391523706534e+06,2.35218249891276e+01,1.79999999989458e+02
1.07887220457641e+06,2.35218249891263e+01,1.79999999989509e+02
1.08385205240993e+06,2.35218249891249e+01,1.79999999989560e+02
1.08885488617666e+06,2.35218249891236e+01,1.79999999989610e+02
1.09388081197486e+06,2.35218249891223e+01,1.79999999989661e+02
1.09892993639249e+06,2.35218249891210e+01,1.79999999989711e+02
1.10400236650953e+06,2.35218249891197e+01,1.79999999989761e+02
1.10909820990019e+06,2.35218249891184e+01,1.79999999989810e+02
1.11421757463523e+06,2.35218249891171e+01,1.79999999989860e+02
1.11936056928425e+06,2.35218249891159e+01,1.79999999989909e+02
1.12452730291797e+06,2.35218249891146e+01,1.79999999989958e+02
1.12971788511057e+06,2.35218249891134e+01,1.79999999990007e+02
1.13493242594199e+06,2.35218249891122e+01,1.79999999990056e+02
1.14017103600029e+06,2.35218249891110e+01,1.79999999990104e+02
1.14543382638397e+06,2.35218249891098e+01,1.79999999990152e+02
1.15072090870434e+06,2.35218249891086e+01,1.79999999990200e+02
1.15603239508788e+06,2.35218249891074e+01,1.79999999990248e+02
1.16136839817864e+06,2.35218249891063e+01,1.79999999990296e+02
1.16672903114059e+06,2.35218249891051e+01,1.79999999990343e+02
1.17211440766005e+06,2.35218249891040e+01,1.79999999990391e+02
1.17752464194809e+06,2.35218249891029e+01,1.79999999990438e+02
1.18295984874297e+06,2.35218249891018e+01,1.79999999990485e+02
1.18842014331253e+06,2.35218249891007e+01,1.79999999990531e+02
1.19390564145668e+06,2.35218249890996e+01,1.79999999990578e+02
1.19941645950983e+06,2.35218249890985e+01,1.79999999990624e+02
1.20495271434339e+06,2.35218249890974e+01,1.79999999990670e+02
1.21051452336818e+06,2.35218249890964e+01,1.79999999990716e+02
1.21610200453700e+06,2.35218249890954e+01,1.79999999990762e+02
1.22171527634708e+06,2.35218249890943e+01,1.79999999990808e+02
1.22735445784261e+06,2.35218249890933e+01,1.79999999990853e+02
1.23301966861726e+06,2.35218249890923e+01,1.79999999990898e+02
1.23871102881673e+06,2.35218249890913e+01,1.79999999990943e+02
1.24442865914129e+06,2.35218249890903e+01,1.79999999990988e+02
1.25017268084831e+06,2.35218249890894e+01,1.79999999991033e+02
1.25594321575488e+06,2.35218249890884e+01,1.79999999991077e+02
1.26174038624038e+06,2.35218249890875e+01,1.79999999991122e+02
1.26756431524905e+06,2.35218249890865e+01,1.79999999991166e+02
1.27341512629262e+06,2.35218249890856e+01,1.79999999991210e+02
1.27929294345292e+06,2.35218249890847e+01,1.79999999991253e+02
1.28519789138453e+06,2.35218249890838e+01,1.79999999991297e+02
1.29113009531739e+06,2.35218249890829e+01,1.79999999991340e+02
1.29708968105950e+06,2.35218249890820e+01,1.79999999991384e+02
1.30307677499954e+06,2.35218249890811e+01,1.79999999991427e+02
1.30909150410959e+06,2.35218249890802e+01,1.79999999991469e+02
1.31513399594779e+06,2.35218249890794e+01,1.79999999991512e+02
1.32120437866107e+06,2.35218249890785e+01,1.79999999991555e+02
1.32730278098787e+06,2.35218249890777e+01,1.79999999991597e+02
1.33342933226084e+06,2.35218249890769e+01,1.79999999991639e+02
1.33958416240962e+06,2.35218249890761e+01,1.79999999991681e+02
1.34576740196356e+06,2.35218249890752e+01,1.79999999991723e+02
1.35197918205452e+06,2.35218249890744e+01,1.79999999991765e+02
1.35821963441964e+06,2.35218249890737e+01,1.79999999991806e+02
1.36448889140412e+06,2.35218249890729e+01,1.79999999991848e+02
1.37078708596404e+06,2.35218249890721e+01,1.79999999991889e+02
1.37711435166919e+06,2.35218249890713e+01,1.79999999991930e+02
1.38347082270586e+06,2.35218249890706e+01,1.79999999991971e+02
1.38985663387975e+06,2.35218249890699e+01,1.79999999992011e+02
1.39627192061877e+06,2.35218249890691e+01,1.79999999992052e+02
1.40271681897596e+06,2.35218249890684e+01,1.79999999992092e+02
1.40919146563233e+06,2.35218249890677e+01,1.79999999992132e+02
1.41569599789980e+06,2.35218249890670e+01,1.79999999992172e+02
1.42223055372407e+06,2.35218249890663e+01,1.79999999992212e+02
1.42879527168758e+06,2.35218249890656e+01,1.79999999992252e+02
1.43539029101245e+06,2.35218249890649e+01,1.79999999992291e+02
1.44201575156341e+06,2.35218249890642e+01,1.79999999992331e+02
1.44867179385077e+06,2.35218249890636e+01,1.79999999992370e+02
1.45535855903341e+06,2.35218249890629e+01,1.79999999992409e+02
1.46207618892178e+06,2.35218249890623e+01,1.79999999992448e+02
1.46882482598088e+06,2.35218249890616e+01,1.79999999992487e+02
1.47560461333331e+06,2.35218249890610e+01,1.79999999992525e+02
1.48241569476228e+06,2.35218249890604e+01,1.79999999992564e+02
1.48925821471471e+06,2.35218249890598e+01,1.79999999992602e+02
1.49613231830421e+06,2.35218249890592e+01,1.79999999992640e+02
1.50303815131423e+06,2.35218249890586e+01,1.79999999992678e+02
1.50997586020112e+06,2.35218249890580e+01,1.79999999992716e+02
1.51694559209725e+06,2.35218249890574e+01,1.79999999992753e+02
1.52394749481411e+06,2.35218249890569e+01,1.79999999992791e+02
1.53098171684546e+06,2.35218249890563e+01,1.79999999992828e+02
1.53804840737047e+06,2.35218249890557e+01,1.79999999992865e+02
1.54514771625691e+06,2.35218249890552e+01,1.79999999992902e+02
1.55227979406430e+06,2.35218249890546e+01,1.79999999992939e+02
1.55944479204709e+06,2.35218249890541e+01,1.79999999992976e+02
1.56664286215791e+06,2.35218249890536e+01,1.79999999993013e+02
1.57387415705078e+06,2.35218249890531e+01,1.79999999993049e+02
1.58113883008431e+06,2.35218249890526e+01,1.79999999993085e+02
1.58843703532501e+06,2.35218249890521e+01,1.79999999993121e+02
1.59576892755050e+06,2.35218249890516e+01,1.79999999993157e+02
1.60313466225286e+06,2.35218249890511e+01,1.79999999993193e+02
1.61053439564184e+06,2.35218249890506e+01,1.79999999993229e+02
1.61796828464827e+06,2.35218249890501e+01,1.79999999993265e+02
1.62543648692730e+06,2.35218249890497e+01,1.79999999993300e+02
1.63293916086181e+06,2.35218249890492e+01,1.79999999993335e+02
1.64047646556572e+06,2.35218249890488e+01,1.79999999993371e+02
1.64804856088742e+06,2.35218249890483e+01,1.79999999993406e+02
1.65565560741308e+06,2.35218249890479e+01,1.79999999993440e+02
1.66329776647015e+06,2.35218249890475e+01,1.79999999993475e+02
1.67097520013070e+06,2.35218249890471e+01,1.79999999993510e+02
1.67868807121490e+06,2.35218249890466e+01,1.79999999993544e+02
1.68643654329448e+06,2.35218249890462e+01,1.79999999993578e+02
1.69422078069615e+06,2.35218249890458e+01,1.79999999993613e+02
1.70204094850514e+06,2.35218249890454e+01,1.79999999993647e+02
1.70989721256868e+06,2.35218249890451e+01,1.79999999993681e+02
1.71778973949951e+06,2.35218249890447e+01,1.79999999993714e+02
1.72571869667942e+06,2.35218249890443e+01,1.79999999993748e+02
1.73368425226279e+06,2.35218249890439e+01,1.79999999993781e+02
1.74168657518020e+06,2.35218249890436e+01,1.79999999993815e+02
1.74972583514192e+06,2.35218249890432e+01,1.79999999993848e+02
1.75780220264163e+06,2.35218249890429e+01,1.79999999993881e+02
1.76591584895992e+06,2.35218249890426e+01,1.79999999993914e+02
1.77406694616802e+06,2.35218249890422e+01,1.79999999993947e+02
1.78225566713136e+06,2.35218249890419e+01,1.79999999993980e+02
1.79048218551332e+06,2.35218249890416e+01,1.79999999994012e+02
1.79874667577885e+06,2.35218249890413e+01,1.79999999994045e+02
1.80704931319821e+06,2.35218249890410e+01,1.79999999994077e+02
1.81539027385065e+06,2.35218249890407e+01,1.79999999994109e+02
1.82376973462818e+06,2.35218249890404e+01,1.79999999994141e+02
1.83218787323931e+06,2.35218249890401e+01,1.79999999994173e+02
1.84064486821280e+06,2.35218249890398e+01,1.79999999994205e+02
1.84914089890148e+06,2.35218249890396e+01,1.79999999994237e+02
1.85767614548601e+06,2.35218249890393e+01,1.79999999994268e+02
1.86625078897875e+06,2.35218249890390e+01,1.79999999994300e+02
1.87486501122757e+06,2.35218249890388e+01,1.79999999994331e+02
1.88351899491969e+06,2.35218249890385e+01,1.79999999994362e+02
1.89221292358562e+06,2.35218249890383e+01,1.79999999994393e+02
1.90094698160296e+06,2.35218249890381e+01,1.79999999994424e+02
1.90972135420038e+06,2.35218249890378e+01,1.79999999994455e+02
1.91853622746155e+06,2.35218249890376e+01,1.79999999994485e+02
1.92739178832901e+06,2.35218249890374e+01,1.79999999994516e+02
1.93628822460824e+06,2.35218249890372e+01,1.79999999994546e+02
1.94522572497156e+06,2.35218249890370e+01,1.79999999994577e+02
1.95420447896217e+06,2.35218249890368e+01,1.79999999994607e+02
1.96322467699816e+06,2.35218249890366e+01,1.79999999994637e+02
1.97228651037655e+06,2.35218249890364e+01,1.79999999994667e+02
1.98139017127736e+06,2.35218249890362e+01,1.79999999994697e+02
1.99053585276765e+06,2.35218249890361e+01,1.79999999994727e+02
1.99972374880565e+06,2.35218249890359e+01,1.79999999994756e+02
2.00895405424486e+06,2.35218249890357e+01,1.79999999994786e+02
2.01822696483819e+06,2.35218249890356e+01,1.79999999994815e+02
2.02754267724208e+06,2.35218249890354e+01,1.79999999994844e+02
2.03690138902073e+06,2.35218249890353e+01,1.79999999994873e+02
2.04630329865022e+06,2.35218249890351e+01,1.79999999994902e+02
2.05574860552278e+06,2.35218249890350e+01,1.79999999994931e+02
2.06523750995097e+06,2.35218249890349e+01,1.79999999994960e+02
2.07477021317198e+06,2.35218249890348e+01,1.79999999994989e+02
2.08434691735185e+06,2.35218249890346e+01,1.79999999995017e+02
2.09396782558976e+06,2.35218249890345e+01,1.79999999995046e+02
2.10363314192239e+06,2.35218249890344e+01,1.79999999995074e+02
2.11334307132819e+06,2.35218249890343e+01,1.79999999995102e+02
2.12309781973174e+06,2.35218249890342e+01,1.79999999995130e+02
2.13289759400814e+06,2.35218249890341e+01,1.79999999995158e+02
2.14274260198737e+06,2.35218249890341e+01,1.79999999995186e+02
2.15263305245873e+06,2.35218249890340e+01,1.79999999995214e+02
2.16256915517522e+06,2.35218249890339e+01,1.79999999995242e+02
2.17255112085803e+06,2.35218249890338e+01,1.79999999995269e+02
2.18257916120101e+06,2.35218249890338e+01,1.79999999995297e+02
2.19265348887511e+06,2.35218249890337e+01,1.79999999995324e+02
2.20277431753295e+06,2.35218249890337e+01,1.79999999995351e+02
2.21294186181331e+06,2.35218249890336e+01,1.79999999995378e+02
2.22315633734572e+06,2.35218249890336e+01,1.79999999995405e+02
2.23341796075500e+06,2.35218249890336e+01,1.79999999995432e+02
2.24372694966584e+06,2.35218249890335e+01,1.79999999995459e+02
2.25408352270749e+06,2.35218249890335e+01,1.79999999995486e+02
2.26448789951829e+06,2.35218249890335e+01,1.79999999995512e+02
2.27494030075043e+06,2.35218249890335e+01,1.79999999995539e+02
2.28544094807456e+06,2.35218249890335e+01,1.79999999995565e+02
2.29599006418453e+06,2.35218249890335e+01,1.79999999995591e+02
2.30658787280209e+06,2.35218249890335e+01,1.79999999995618e+02
2.31723459868163e+06,2.35218249890335e+01,1.79999999995644e+02
2.32793046761499e+06,2.35218249890335e+01,1.79999999995670e+02
2.33867570643618e+06,2.35218249890335e+01,1.79999999995695e+02
2.34947054302627e+06,2.35218249890336e+01,1.79999999995721e+02
2.36031520631815e+06,2.35218249890336e+01,1.79999999995747e+02
2.37120992630142e+06,2.35218249890336e+01,1.79999999995772e+02
2.38215493402728e+06,2.35218249890337e+01,1.79999999995798e+02
2.39315046161339e+06,2.35218249890337e+01,1.79999999995823e+02
2.40419674224884e+06,2.35218249890338e+01,1.79999999995848e+02
2.41529401019906e+06,2.35218249890338e+01,1.79999999995874e+02
2.42644250081081e+06,2.35218249890339e+01,1.79999999995899e+02
2.43764245051713e+06,2.35218249890340e+01,1.79999999995924e+02
2.44889409684243e+06,2.35218249890340e+01,1.79999999995948e+02
2.46019767840746e+06,2.35218249890341e+01,1.79999999995973e+02
2.47155343493438e+06,2.35218249890342e+01,1.79999999995998e+02
2.48296160725189e+06,2.35218249890343e+01,1.79999999996022e+02
2.49442243730027e+06,2.35218249890344e+01,1.79999999996047e+02
2.50593616813657e+06,2.35218249890345e+01,1.79999999996071e+02
2.51750304393973e+06,2.35218249890346e+01,1.79999999996095e+02
2.52912331001578e+06,2.35218249890347e+01,1.79999999996120e+02
2.54079721280302e+06,2.35218249890348e+01,1.79999999996144e+02
2.55252499987725e+06,2.35218249890349e+01,1.79999999996168e+02
2.56430691995704e+06,2.35218249890350e+01,1.79999999996191e+02
2.57614322290900e+06,2.35218249890351e+01,1.79999999996215e+02
2.58803415975306e+06,2.35218249890353e+01,1.79999999996239e+02
2.59997998266780e+06,2.35218249890354e+01,1.79999999996262e+02
2.61198094499582e+06,2.35218249890356e+01,1.79999999996286e+02
2.62403730124908e+06,2.35218249890357e+01,1.79999999996309e+02
2.63614930711434e+06,2.35218249890359e+01,1.79999999996333e+02
2.64831721945851e+06,2.35218249890360e+01,1.79999999996356e+02
2.66054129633420e+06,2.35218249890362e+01,1.79999999996379e+02
2.67282179698508e+06,2.35218249890363e+01,1.79999999996402e+02
2.68515898185149e+06,2.35218249890365e+01,1.79999999996425e+02
2.69755311257587e+06,2.35218249890367e+01,1.79999999996448e+02
2.71000445200835e+06,2.35218249890369e+01,1.79999999996471e+02
2.72251326421234e+06,2.35218249890371e+01,1.79999999996493e+02
2.73507981447009e+06,2.35218249890372e+01,1.79999999996516e+02
2.74770436928836e+06,2.35218249890374e+01,1.79999999996538e+02
2.76038719640402e+06,2.35218249890376e+01,1.79999999996561e+02
2.77312856478979e+06,2.35218249890378e+01,1.79999999996583e+02
2.78592874465989e+06,2.35218249890381e+01,1.79999999996605e+02
2.79878800747579e+06,2.35218249890383e+01,1.79999999996627e+02
2.81170662595199e+06,2.35218249890385e+01,1.79999999996649e+02
2.82468487406175e+06,2.35218249890387e+01,1.79999999996671e+02
2.83772302704298e+06,2.35218249890389e+01,1.79999999996693e+02
2.85082136140398e+06,2.35218249890392e+01,1.79999999996715e+02
2.86398015492939e+06,2.35218249890394e+01,1.79999999996736e+02
2.87719968668603e+06,2.35218249890397e+01,1.79999999996758e+02
2.89048023702884e+06,2.35218249890399e+01,1.79999999996779e+02
2.90382208760681e+06,2.35218249890401e+01,1.79999999996801e+02
2.91722552136897e+06,2.35218249890404e+01,1.79999999996822e+02
2.93069082257040e+06,2.35218249890407e+01,1.79999999996843e+02
2.94421827677820e+06,2.35218249890409e+01,1.79999999996864e+02
2.95780817087762e+06,2.35218249890412e+01,1.79999999996886e+02
2.97146079307812e+06,2.35218249890415e+01,1.79999999996906e+02
2.98517643291944e+06,2.35218249890418e+01,1.79999999996927e+02
2.99895538127781e+06,2.35218249890420e+01,1.79999999996948e+02
3.01279793037205e+06,2.35218249890423e+01,1.79999999996969e+02
3.02670437376983e+06,2.35218249890426e+01,1.79999999996989e+02
3.04067500639385e+06,2.35218249890429e+01,1.79999999997010e+02
3.05471012452812e+06,2.35218249890432e+01,1.79999999997030e+02
3.06881002582424e+06,2.35218249890435e+01,1.79999999997051e+02
3.08297500930768e+06,2.35218249890438e+01,1.79999999997071e+02
3.09720537538418e+06,2.35218249890442e+01,1.79999999997091e+02
3.11150142584607e+06,2.35218249890445e+01,1.79999999997111e+02
3.12586346387870e+06,2.35218249890448e+01,1.79999999997131e+02
3.14029179406686e+06,2.35218249890451e+01,1.79999999997151e+02
3.15478672240124e+06,2.35218249890455e+01,1.79999999997171e+02
3.16934855628491e+06,2.35218249890458e+01,1.79999999997191e+02
3.18397760453986e+06,2.35218249890461e+01,1.79999999997211e+02
3.19867417741352e+06,2.35218249890465e+01,1.79999999997230e+02
3.21343858658538e+06,2.35218249890468e+01,1.79999999997250e+02
3.22827114517356e+06,2.35218249890472e+01,1.79999999997269e+02
3.24317216774147e+06,2.35218249890476e+01,1.79999999997289e+02
3.25814197030450e+06,2.35218249890479e+01,1.79999999997308e+02
3.27318087033666e+06,2.35218249890483e+01,1.79999999997327e+02
3.28828918677739e+06,2.35218249890487e+01,1.79999999997346e+02
3.30346724003827e+06,2.35218249890490e+01,1.79999999997365e+02
3.31871535200983e+06,2.35218249890494e+01,1.79999999997384e+02
3.33403384606840e+06,2.35218249890498e+01,1.79999999997403e+02
3.34942304708292e+06,2.35218249890502e+01,1.79999999997422e+02
3.36488328142188e+06,2.35218249890506e+01,1.79999999997440e+02
3.38041487696020e+06,2.35218249890510e+01,1.79999999997459e+02
3.39601816308622e+06,2.35218249890514e+01,1.79999999997478e+02
3.41169347070865e+06,2.35218249890518e+01,1.79999999997496e+02
3.42744113226361e+06,2.35218249890522e+01,1.79999999997514e+02
3.44326148172168e+06,2.35218249890526e+01,1.79999999997533e+02
3.45915485459499e+06,2.35218249890530e+01,1.79999999997551e+02
3.47512158794429e+06,2.35218249890535e+01,1.79999999997569e+02
3.49116202038616e+06,2.35218249890539e+01,1.79999999997587e+02
3.50727649210017e+06,2.35218249890543e+01,1.79999999997605e+02
3.52346534483605e+06,2.35218249890548e+01,1.79999999997623e+02
3.53972892192100e+06,2.35218249890552e+01,1.79999999997641e+02
3.55606756826696e+06,2.35218249890556e+01,1.79999999997659e+02
3.57248163037788e+06,2.35218249890561e+01,1.79999999997676e+02
3.58897145635713e+06,2.35218249890565e+01,1.79999999997694e+02
3.60553739591482e+06,2.35218249890570e+01,1.79999999997711e+02
3.62217980037527e+06,2.35218249890575e+01,1.79999999997729e+02
3.63889902268444e+06,2.35218249890579e+01,1.79999999997746e+02
3.65569541741741e+06,2.35218249890584e+01,1.79999999997763e+02
3.67256934078590e+06,2.35218249890589e+01,1.79999999997781e+02
3.68952115064583e+06,2.35218249890593e+01,1.79999999997798e+02
3.70655120650492e+06,2.35218249890598e+01,1.79999999997815e+02
3.72365986953028e+06,2.35218249890603e+01,1.79999999997832e+02
3.74084750255611e+06,2.35218249890608e+01,1.79999999997848e+02
3.75811447009136e+06,2.35218249890613e+01,1.79999999997865e+02
3.77546113832751e+06,2.35218249890618e+01,1.79999999997882e+02
3.79288787514626e+06,2.35218249890623e+01,1.79999999997899e+02
3.81039505012740e+06,2.35218249890628e+01,1.79999999997915e+02
3.82798303455662e+06,2.35218249890633e+01,1.79999999997932e+02
3.84565220143339e+06,2.35218249890638e+01,1.79999999997948e+02
3.86340292547886e+06,2.35218249890643e+01,1.79999999997964e+02
3.88123558314381e+06,2.35218249890649e+01,1.79999999997981e+02
3.89915055261664e+06,2.35218249890654e+01,1.79999999997997e+02
3.91714821383141e+06,2.35218249890659e+01,1.79999999998013e+02
3.93522894847585e+06,2.35218249890664e+01,1.79999999998029e+02
3.95339313999948e+06,2.35218249890670e+01,1.79999999998045e+02
3.97164117362176e+06,2.35218249890675e+01,1.79999999998061e+02
3.98997343634024e+06,2.35218249890680e+01,1.79999999998077e+02
4.00839031693876e+06,2.35218249890686e+01,1.79999999998092e+02
4.02689220599570e+06,2.35218249890691e+01,1.79999999998108e+02
4.04547949589228e+06,2.35218249890697e+01,1.79999999998124e+02
4.06415258082086e+06,2.35218249890703e+01,1.79999999998139e+02
4.08291185679333e+06,2.35218249890708e+01,1.79999999998155e+02
4.10175772164946e+06,2.35218249890714e+01,1.79999999998170e+02
4.12069057506538e+06,2.35218249890719e+01,1.79999999998185e+02
4.13971081856205e+06,2.35218249890725e+01,1.79999999998200e+02
4.15881885551373e+06,2.35218249890731e+01,1.79999999998215e+02
4.17801509115662e+06,2.35218249890737e+01,1.79999999998230e+02
4.19729993259737e+06,2.35218249890742e+01,1.79999999998245e+02
4.21667378882176e+06,2.35218249890748e+01,1.79999999998260e+02
4.23613707070337e+06,2.35218249890754e+01,1.79999999998275e+02
4.25569019101227e+06,2.35218249890760e+01,1.79999999998290e+02
4.27533356442381e+06,2.35218249890766e+01,1.79999999998305e+02
4.29506760752737e+06,2.35218249890772e+01,1.79999999998319e+02
4.31489273883524e+06,2.35218249890778e+01,1.79999999998334e+02
4.33480937879148e+06,2.35218249890784e+01,1.79999999998348e+02
4.35481794978080e+06,2.35218249890790e+01,1.79999999998363e+02
4.37491887613758e+06,2.35218249890796e+01,1.79999999998377e+02
4.39511258415482e+06,2.35218249890802e+01,1.79999999998391e+02
4.41539950209322e+06,2.35218249890809e+01,1.79999999998405e+02
4.43578006019021e+06,2.35218249890815e+01,1.79999999998419e+02
4.45625469066914e+06,2.35218249890821e+01,1.79999999998433e+02
4.47682382774838e+06,2.35218249890827e+01,1.79999999998447e+02
4.49748790765059e+06,2.35218249890833e+01,1.79999999998461e+02
4.51824736861192e+06,2.35218249890840e+01,1.79999999998475e+02
4.53910265089134e+06,2.35218249890846e+01,1.79999999998489e+02
4.56005419677997e+06,2.35218249890853e+01,1.79999999998502e+02
4.58110245061042e+06,2.35218249890859e+01,1.79999999998516e+02
4.60224785876628e+06,2.35218249890865e+01,1.79999999998529e+02
4.62349086969154e+06,2.35218249890872e+01,1.79999999998543e+02
4.64483193390011e+06,2.35218249890878e+01,1.79999999998556e+02
4.66627150398539e+06,2.35218249890885e+01,1.79999999998569e+02
4.68781003462983e+06,2.35218249890892e+01,1.79999999998583e+02
4.70944798261464e+06,2.35218249890898e+01,1.79999999998596e+02
4.73118580682940e+06,2.35218249890905e+01,1.79999999998609e+02
4.75302396828185e+06,2.35218249890911e+01,1.79999999998622e+02
4.77496293010762e+06,2.35218249890918e+01,1.79999999998635e+02
4.79700315758011e+06,2.35218249890925e+01,1.79999999998648e+02
4.81914511812030e+06,2.35218249890931e+01,1.79999999998660e+02
4.84138928130669e+06,2.35218249890938e+01,1.79999999998673e+02
4.86373611888528e+06,2.35218249890945e+01,1.79999999998686e+02
4.88618610477951e+06,2.35218249890952e+01,1.79999999998698e+02
4.90873971510038e+06,2.35218249890959e+01,1.79999999998711e+02
4.93139742815651e+06,2.35218249890965e+01,1.79999999998723e+02
4.95415972446430e+06,2.35218249890972e+01,1.79999999998735e+02
4.97702708675810e+06,2.35218249890979e+01,1.79999999998748e+02
5.00000000000000e+06,2.35218249890986e+01,1.79999999998760e+02
